8
3
4 2
6
3 1
4
5 1 2
2 3
7
3
10
943 7 6
97 4 8
161 5
168
912
555
765 1
365 9
925
19 2 3
20
811 6
189 9
18
642
639 19
123 18 15 1
400 4 5
8 2 14
572
293
901
150
174
992
61
585 16
772
230 3 13
944 11 10 12
286 17 7 8
50
759 4 36
450
397
432
962 26
188 12
157 30 13
154 20 34
823
552 29
829 17
474
339 35
183
476 37
609 28 8
70 6
304 11
771 23
888 22 9
708 5 16
619 15
749 45
507 46
310
272
606 7 19
231 25 43
931
534 49 27
524
181 10 44
340 14 48
193 40 2
965 21
562
157 38 32
628 42
799 31
956
249
936
667 1
133
245 33
662 47
653
49 3 39
158 18
410 41 24
100
29 89 52 74
242 40 35 97 96
766
610
912
441
514
521
549
630 81 54 42 99 24
61
943
328
390
452
105
966
569
300
294 61 4 93
942
661
40 46 45 56
589
592
536
440
867
411 48 90 43
757
357 75 69 41 67 65
908
571 58 64 6 77 36
880
476
260
79
519 98
361 8 34 7 44 68
701 84 91 32 66
22
154
295
419
904
640
867
603 51 57 85 26 62
799
717
157 47 9 30 22 72
132
266 39 50 37
554
379
838
175
136
915
525 1 87 80 92 38
771 19 71 79 25 27
468
727
95
932
11
397 17
194
339
858
490
972 49 53 31
725 21
496 94 78 20
81 60 95 28 73
889
518
13
244
454 2 11 14
313 18 82 16 70
234
449
669
813 33 3 83 15
17
319
322 10 55 29
150
162 59
311
148 13
47 76
603
9
869 12 88 23 5
495
887
250 63 86
940
500
784 265
482 376
149 64
135 185
514 3
395 429
717 273
203 427
304 443
364 375
441 157
338 283
216 308
269 330
292 225
38 74
116 154
434 450
573 63
112 401
623 113
453 96
66 245
879 180
294 291
835 475
675 39
658 268
372 187
333 428
758 168
357 465
314 255
230 118
223 349
783 15
262 272
576 93
160 191
657 231
114 367
256 163
825 91
193 400
791 209
561 277
215 43
62 57
935 59
547 188
665 243
44 389
802 355
966 357
109 87
305 219
85 293
719 455
869 328
709 166
709 123
477 316
852 445
439 62
115 264
828 116
389 404
485 347
946 101
873 119
526 147
319 232
261 353
964 358
132 399
94 241
642 68
163 133
806 267
144 345
466 56
854 371
520 182
706 13
294 496
615 254
257 390
105 484
351 122
874 303
504 150
98 105
991 229
242 488
379 294
345 137
917 84
352 321
564 217
312 422
921 213
137 100
136 483
448 71
552 134
683 289
787 89
552 284
197 23
294 17
326 276
192 11
782 397
834 379
49 144
127 378
226 451
394 7
134 204
264 391
792 461
189 16
336 202
588 237
758 208
989 167
297 165
16 414
187 270
600 95
466 460
344 32
485 212
613 490
273 54
512 363
764 82
725 470
307 80
526 181
617 190
898 2
466 159
938 256
451 491
895 194
661 183
501 271
743 449
92 25
515 258
353 33
405 129
486 324
200 312
807 114
234 132
811 130
491 224
769 326
830 12
930 198
294 350
808 145
294 438
530 466
66 420
785 77
219 55
258 153
285 434
271 199
135 373
161 478
20 398
490 211
142 139
593 161
889 322
13 9
169 44
718 29
14 220
216 46
623 223
731 40
599 356
983 31
330 474
456 112
815 103
108 346
906 259
635 155
861 384
351 226
169 140
920 327
290 489
58 392
164 128
85 480
596 408
922 440
922 454
682 109
631 409
625 377
239 464
287 203
795 402
969 148
614 1
371 252
161 482
355 432
431 278
161 126
247 18
282 297
906 279
760 406
620 331
362 257
518 36
744 66
376 47
591 108
684 310
383 412
602 73
251 49
784 436
850 444
253 53
349 120
309 263
577 28
464 246
969 251
166 323
12 21
273 4
447 306
665 383
271 287
905 90
178 457
850 337
350 22
355 230
496 76
962 335
41 476
773 184
710 309
689 467
255 275
826 88
701 79
903 214
658 447
956 292
387 164
989 416
729 146
206 286
689 131
294 311
704 439
19 27
635 175
737 207
782 156
279 369
824 317
342 492
374 477
356 354
999 69
152 468
565 456
28 197
764 296
845 366
402 127
870 280
116 304
734 274
873 158
77 98
401 298
206 364
846 19
485 117
286 418
391 372
722 319
189 233
806 216
604 248
202 387
724 106
604 234
786 370
569 459
269 81
388 405
356 497
982 313
784 403
133 58
201 493
985 395
37 469
560 305
768 60
105 135
386 388
601 260
401 314
729 374
868 222
201 407
529 386
218 360
68 196
438 136
153 261
50 495
358 94
742 382
432 351
535 41
58 45
505 70
322 437
943 426
493 65
118 8
957 205
718 186
239 48
189 169
129 244
610 35
224 458
873 236
856 413
678 415
678 143
322 295
497 5
621 78
324 235
640 149
161 288
88 250
258 201
355 385
866 37
149 50
947 38
97 318
435 125
477 152
16 189
658 10
803 138
317 487
26 206
146 176
782 142
572 299
186 104
182 115
877 240
546 352
974 343
27 425
410 462
419 14
260 441
660 172
733 162
654 431
134 215
548 52
356 83
327 499
962 247
286 381
943 174
903 494
658 239
554 67
675 315
175 99
72 307
295 320
207 340
973 86
302 336
809 72
510 42
252 339
708 110
683 485
887 242
168 24
253 448
332 75
908 266
756 124
487 26
887 301
845 171
269 227
618 424
45 380
88 396
422 282
340 430
814 121
599 300
718 192
874 452
724 92
382 200
851 334
78 195
405 111
467
765 325
205 348
124 329
276 85
56 394
513 341
835 6
275 210
830 365
335 344
796 463
553 417
574 178
64 471
230 141
684 333
997 393
576 302
470 421
606 193
498 262
23 281
806 249
850 30
841 173
247 359
845 218
514 61
42 160
696 338
143 446
51 435
860 34
793 362
206 442
353 479
67 290
410 411
48 332
862 177
295 423
932 473
679 97
52 170
653 433
89 228
593 285
161 51
20 151
47 368
458 419
699 20
244 342
803 269
498 102
411 472
600 361
628 107
198 498
456 238
115 179
759 410
742 221
684 253
606 486
47 453
383 481
1000
9 803 564
277 830 879
157
585 375
404
39 368 344
385 780
456 101
972
991
420 709
343 349 660
109 331 636
357 306
679 4 955
992 590 936
49 903 364
449 178
304
708 905
480 993
289
133 394
602
605 171 119
834 384 897
8
944 65
532 50
350 250
173 217
740
20
455 572
256 920
565
709 155
880 365 232
200 477 652
132 52 251
5 440
798 464 283
29
594 513
537 750 427
647 621 454
596 622
542
981 378 518
781
708 428
929 863
426 651
287 324
9
921
540 646 707
704 537 373
902 452
540 41 611
891 667 631
980 978
441 110
873
924
859 83 626
373
214 230
178 105 64
449 549 747
914 752 811
447
952 942
696 156
808
18
980 47
922
368 336 122
601
940 16
99 911
794
948 530
327 853
652 457
202 321
104 868 919
311 305
870 795
112
677 132 857
638 135 392
227 523
797 220
384 498 208
721 142 102
686
823
977
243 325
174 361
89 675 844
410 194
887
686
44 111
417 58
314 826
578 859 167
1 386
650 85 269
720
653 233 244
746 644 555
633 463 734
613
803
954
418 776 542
942
982 450 918
600
136 80 851
118
329 938 647
197
86 104 90
253
819 538
87 265 968
160
763 615
783 61 374
115
931 486 165
588 458
658 472
954
609 964 261
210 686 415
343 547 347
31 181
265
279
41
51 785
865
158 510
687 649 525
958 629 751
672 459 288
692 782
341
207 823 672
707 658 504
270 263
883
240
798 130
413
742 541 315
82
376 416 25
19
448
793
306 461
393 563
638
763 617
536 273
589
204 32
95 497 688
708 447 456
774 166
216
856 500 881
864 914 528
167 422 779
130
988 354 493
538
955 602 967
94 395 109
6
3
658
732 593
102 342
29 970
533
39 198 235
671
20 832
182 319 148
87 222 176
274 638 76
292 529 356
749 475
407 312
458
377 313
150 417 714
680 59
766
229 451 49
835
335 965
560 940
17 398
413 957
887
775 913 78
388 72 715
105 152
738 481 885
26 227 140
129 533
605 399
72 744 818
427 381 470
675 735 94
483 262
128
986 438
842 760 951
879
346 902
435
619 777 619
694
684 409
59 56 341
148 127 114
491
914 149
237 792
667
388
496 237 517
665 916
969 516
53 405 669
121
57 277
67 587 806
293
727 783
610 337 534
835 210 226
331 116 981
697
134
494 383
207
456
693 761 369
244 249 576
663 509 214
95 778
403 276 996
205 556
174 716 95
67 754 666
887 471 136
44
472 901 620
650 578 520
452
417
1 33 586
488 514 742
373 812 907
992 68 681
328
701 982
823 195
582 748 490
87 814
848
450 21
316 608
329
811 496 360
569
36 180 741
686 23 158
753 591
301 257 350
812 873
850 700 789
546
426
485
21 824
829 473 678
63 239
718
115
224 793 488
236 827 680
390 48 625
206
344 397
385 723 495
119 248 685
461 413 446
300
821 796 150
97 418
794
760 570
206
989
756 329
371
393
950 532
937
465 828
764
471 339
168 862
169 673
815 270 679
881
647 201
247
87
130 170 1
615 947
275 57
236 757
177 393
459
200
731 610 128
247 485 800
638 923 74
20 267
143
904 12
641 892 932
396 852 11
776 726
196 479
818 579
853 870
648
76 577 925
685 51
789 770 890
301 583 956
69 151
997
778 224
211 77
212 353 211
189
980 173
308
483 627 924
533 584
176
514 348 209
760 19
136 307 46
448 657
728 13 219
946 641 912
960
952 291 352
834 396
4 561
8 655
370 71 448
696 733
861 139
320
782
689
155
516 659 309
746 931
942 419
607 997
246 609 40
425 889 571
332 146
69
200 506
862
791
204 878
91
228
103 487 664
188
419 39
111 971
950 663 145
117
116
365
938 138 988
816 246
997 199 179
528
193 103 948
36 75
46
461 185
788
652
694 713 891
193 802
817
354
522
542 402
361 317 954
254 93
536 616 213
875 10 221
454 29 553
113
842
784 433 869
3 989 628
284
459 27 163
337
538
197
478
841 42
680
400 370 813
313 431
491
91 886
403 371 846
266
363 293 961
776 969 959
748 177 484
19
111 445 289
787 819 653
667
391
419 701 842
921 825
188 241 73
600 607 983
514 729
327
125 300
465 544 465
983 469
181
463
102 536 894
190
654
869 865 787
923
453 441 539
785
737 941
548 430 926
255 872
517
131 766 22
518 847
811 423 711
365 568 840
995
472
465 298 316
4
323 899 817
626
944
866
301 287 934
274
687 887
541 900
155
884 204
392 216 400
173 335 346
987
747
51 308 106
815
567
381 882 640
758
258 815 594
31
421
163
444
443 30 43
328
10 845
390
783 698
121 285
687 841 108
462 467
379 645
29
820 774 904
561 697 939
325
159 674 898
648 412
31 92
914 849
724
875
679
435 976 695
136
933
311
398 17 635
174
917 147 566
498
458 596
217
145 258
294
730
234 234
362
522 366 775
650 164 740
635
97 169
924
742 706
945 424
246
821
60
875 858 264
196 334
570 839 650
950
644
842
51 798
528
954
306
734
589
3 836
712 630
256
378
659 137 972
284 613
329
84 527
823
514 482
987 82 551
885 834
103 854
865 390
762 302 274
833 565
309 382 2
340 893
996
221 991
555 921
512
302 799 55
524 992
602 197 410
802 980
139
912
60
18
630
738 930 703
545 88
711 123 443
233 499 634
497
620 771 37
723 728
343 946
571 623 330
77
808
807 161 654
902
929
863 855
504
341 437 880
762 99
313
754 745
294
17
922 340 358
720 753 705
761 781
254 468
269 952
667
979
201 998 389
526 699 53
458 559
342 357 987
338 87
715
552
855
866 460
836 810
631
132 7
457 614
230
769 118
726 860
230 115 612
113 768 874
982 66 986
872
111
646 297 601
975
191
239 763
901
472 503 604
199 435 999
680 333 492
403
907 661 124
23 9 822
197 174 81
38 759
206
601
126 420 254
444
759 229
724
693 588
798
566
190
562 618 421
689
780
315 112 592
2 54 682
360 343
721 113
846
742 684 877
995 599
913 193
858
846 69
897 256 320
253
924 84
469 260 558
23
469
422 310 408
428 994
800
962 489
72
863
452 131
853
889 786 743
815 282
454 425
548 311
973 769 355
679 963
463
634 535
856 692 120
600 540 522
567 160 245
785
624
466
334
301 70
377 937 303
132 944 762
547 79
282 935 712
965 687
479 35 162
221 867 255
819 710 86
856 281 327
678 883 866
436
779 864 480
951
981 280
680 126 206
332
989 821
562 388
662 717
527 738
628 247 837
334 791
146 275
586
108 429
735 314 228
155 794 512
393 271 491
611
234
539 129
343 62
353
991
906 838
754 560 462
288
579 449
953
340
788
335 949
35 637 856
40
997 483 141
467 407 704
883
570 474
259 18
204
3 196 36
740 28
428 567 202
43 391
190 975
186 691
93 6 906
673 363
885 323
249 767 718
611 915
898
867 362 784
843 508 26
900 668 790
822 884
271 511 737
578 98 526
87 694 294
405 677
651 96
850 719
114
416
922 24
177
248 15 764
844 722 406
984 436
350 548
669
985 100
443
746 953
560
770 31 524
760 284 772
119 67
667
352
911
517 662
610 979 351
401 403 958
619 731 848
1 603 543
902
166
710 125
278
779 299 97
1 476
450 990 606
993 765 573
601
719 773
169 153 304
70
948
766 910 3
903 562 585
772
153 434 962
962 494 266
879
372 505 466
718 20
688 186
568
578 387 966
987
115 758
964 589
595
114 632 929
235 597 656
824 45
47 550 404
270 143 172
519 876 231
55 252
399
96 746
290
287 372 183
259 515 359
946
744 345 820
828 439
705
370 478 242
674 521
674
897
988 134
669
306 708 192
522 642 736
976 107 917
782
758 502 243
735 168 804
108 871 290
274
103 580 569
696
739 557
628
116
33
599 582 444
570 727
501 272 861
895 676 34
338
980 690 184
376 426
693 554 328
660 44 797
197 875 380
220 133 816
751 922 190
671
174 755 159
745 442
923
126 927 725
964 411
706 977 833
925 928 205
354 144 605
502 546
459 286 749
488
124
89 805
513 807
452 581 268
580 225
605 14
206 831 801
374 117 984
129 702 215
341 501 945
530 724
311 203
16 574
76 552
421
336 338 60
908 367
8 191
744 187 295
359
873
655 756 507
994 598 207
54 739 721
156
20 973
470 974 212
173 909 665
157
149 950
539 38
831 843 683
715 808 236
399 5
662 639 189
851 63 850
312 895
654 188
333 600 648
853 376
492 835 933
333
171 896 624
542
248 91 385
625
969
471 696
987 453
130 888 943
614
552 545
73 89 301
900 519
573
218 292
328
548
398 322 960
369
340
539 223 332
705 377 671
140
954 995 455
304
430
899
255
130 633
384 693
90 670
758 154 121
494 318 240
490 401
484 278 279
541 595 218
999 379 908
475 175
917 730 788
960
35 643 689
598 259
840
570 238
630 253
580
51 8 829
571
821
457 575
87
27 985
44
810 720
406 732 326
467 809
779 157 414
764
198 182 531
140 200
362
465
493 296 432
352
