8
3
4 2
6
3 1
4
5 1 2
2 3
7
3
10
543 6 8
296
964
919
453 2 3
856 1
206 7
832 5 9
22 4
40
20
739 13
760 10
899 17 15
712
590 3 6
653
894
61
616 4 12
608 19 18
405 16 9 7
480 2
857 14
915 1 8 11
688
933
752 5
591
481
170
50
604 44 29
385
529 28
297 38 20
454 45
577
215
633 5 16
469 11
894 24
127
240 23
726 32
480 18
19 40
107 6
759
816
493 17 37
337
876 41 27
263 9
564
427 12 15
65 42
615 14 30
421
918 26 10
707 35
754 8 3
4 39 31
222 33
883
932
8 19 47
198
93 13 46
288
84 2
973 22
667 48
16 7
226 1 43
544
774 49 21
128
344 34 4
345
227
285 36 25
100
734 46
235
17
487
453
782
774
238 31 44 16 89 2
547 22 85
704 45 76 20 1 72
24
457
598
631
528
923 48
663
211
962 99 25 34
334
841
73 38 91 26 12
663
165
841
309
183
284
545
567
44 97 7
269
246 54 47 43 64 68
523 77 81 90 61 86
777
860
917
384
307
696
933 11 66 17
4
163 50
336
452
413
333 60 79
438
411
938
305 41 19 49 39 24
501
302
985
254
189 96
721 69 84 29
619
160 82 62
773 21 8 15 87
643 75
728 57 52 93 37
938 6
865
323
947
272
712
550
190
606
554
272
269
151
828 95 59
255
186 10 5 53 51
22 98 56 9 32
234 92 80 58
826 18
106 73 94
916 4 71 23
595
522
156
956
926 14 70 35
877
415
606 3 28 83 67
419
394 30 55 78 42 33
305
235
220 40
574 27 88
143 74 65 13 63
544 36
459
500
539 120
6 418
45 329
610 228
772 354
723 29
341 33
903 322
566 332
154 334
912 320
179 112
699 233
738 468
997 90
77 417
404 50
968 91
307 420
902 20
848 237
310 361
601 302
366 116
726 496
470 475
502 495
135 204
26 436
46 111
21 483
712 117
739 488
763 100
241 324
821 347
469 445
72 189
623 137
725 113
263 215
956 172
954 309
378 64
647 423
458 143
276 41
43 125
360 263
627 269
218 185
212 414
593 110
197 114
673 450
948 328
32 241
863 290
207 245
462 330
774 479
269 461
381 168
316 410
348 381
1000 256
634 387
260 164
466 336
392 212
729 141
811 196
918 181
588 467
135 377
649 463
700 485
351 39
850 492
971 486
900 124
939 451
849 390
618 291
564 262
755 103
172 119
44 403
414 99
418 310
319 477
575 422
515 304
700 56
210 31
515 51
660 294
713 465
960 123
705 248
797 489
755 398
332 490
371 278
803 96
506 54
617 397
858 225
307 218
73 259
972 358
275 439
420 480
590 28
241 85
786 359
413 153
3 355
74 202
667 394
623 156
146 133
316 180
183 498
661 349
10 373
797 36
261 221
274 371
251 470
454 476
383 72
485 209
465 101
789 396
773 142
298 356
357 493
132 250
608 24
157 312
681 431
998 89
912 481
695 177
573 176
596 340
303 299
376 62
203 207
109 267
355 384
885 71
733 97
854 424
268 167
730 44
683 389
270 345
68 277
48 230
223 55
153 344
899 14
211 92
524 232
481 187
329 374
455 79
514 362
816 260
702 343
252 274
404 325
667 419
245 289
783 219
922 429
284 472
139 458
752 53
530 193
382 70
7 404
821 238
522 57
139 35
489 173
550 67
451 455
191 229
872 192
72 366
31 454
218 255
71 372
704 402
936 473
50 179
539 300
669 313
139 131
234 460
658 65
294 405
619 140
372 174
855 45
827 471
549 32
191 315
875 34
845 145
577 466
592 6
95 284
818 434
437 318
7 82
344 200
666 400
376 87
49 393
881 213
467 206
605 169
666 415
447 149
998 449
530 273
393 216
781 170
879 148
252 360
340 16
156 482
68 411
575 183
620 13
262 258
641 138
832 160
824 190
55 109
865 297
579 122
333 186
128 161
925 199
87 59
904 413
391 487
306 442
502 12
514 303
997 94
415 323
431 326
386 286
903 317
367 367
174 106
859 227
181 444
162 298
606 401
539 107
723 17
667 246
143 26
567 175
850 83
909 8
726 386
216 316
17 369
827 293
669 292
339 379
173 58
58 2
750 198
789 25
271 437
510 432
607 409
557 307
789 205
692 352
332 155
251 188
878 21
17 78
567 363
264 288
35 80
63 280
967 74
732 127
731 406
605 157
888 48
16 37
570 30
593 208
109 214
696 118
365 178
777 351
125 102
251 150
186 234
176 15
228 385
915 301
411 104
409 391
962 459
50 365
777 408
171 464
349 469
270 3
204 438
543 271
551 38
916 235
56 115
16 151
490 42
964 11
426 296
684 162
802 75
543 201
462 441
530 63
53 314
857 327
516 60
590 152
42 158
620 195
792 249
158 443
368 222
608 306
453 231
850 305
981 126
692 283
571 40
215 266
163 433
126 95
422 203
365 146
173 135
226 19
501 165
39 338
859 5
804 130
263 224
12 272
722 368
554 242
873 276
490 211
341 448
618 226
757 27
531 191
908 383
555 18
69 252
303 4
269 499
545 236
328 197
560 220
356 335
397 23
729 134
481 66
787 457
860 147
931 61
214 128
82 194
777 435
590 223
475 350
237 261
649 426
532 46
18 339
89 399
818 446
914 268
165 474
329 43
346 376
663 421
60 425
997 333
123 428
468 308
964 453
837
881 166
333 395
860 254
509 47
507 484
131 321
726 77
600 247
53 407
394 52
705 244
797 462
401 456
728 88
680 427
536 251
581 319
722 184
910 494
668 68
586 353
912 257
106 279
16 491
172 447
928 182
687 105
638 163
708 7
761 76
500 478
223 285
379 370
386 136
565 93
637 281
10 84
444 282
267 380
170 121
784 22
223 452
481 129
809 98
482 416
612 382
993 311
400 430
417 144
617 348
671 69
783 264
448 108
121 9
877 295
632 10
136 364
31 1
203 86
373 139
293 132
292 392
946 440
56 243
465 287
258 217
200 171
549 73
573 154
646 342
911 357
103 378
278 341
194 375
690 240
961 346
970 210
394 239
138 331
868 49
110 388
298 159
843 275
641 497
881 81
4 337
649 253
439 270
384 265
374 412
1000
910 827 565
552 78 76
304 321 809
419 567 876
373 290 53
907 972
756
743 139 738
915 518 862
846 587
657 550
15 479
783 158
936 786
759 327 707
644 915
768 884
558
453 355
90
997
33 254 756
453
881 795
809
889 851
718 46
611 34 634
903 525 43
785 706 231
264
793
455 401
590
660 279 167
511 997 656
862
594
485 551 348
61 239
280 620
641
596
174
479 752 975
481 564
419 324
787 528
176
644 579 758
250
982 496
889
21 679
275
603
225
34 704 955
932 911 898
723
130 675
928 520 632
927 245
583
68
309
740 942 759
569 6 717
71 586 118
72 236
986 517 218
305
984 545
596 797
856
263 188
857 621
626 575
551 124
292 762
891 691
200 804 530
570 192 81
54 370
736 819
391 912 596
473
266 19
290
652 832 291
537 900 501
495
10 728 932
225 416 963
960 130 654
583
115 668
16 105
908 784
112
290
909 332 671
684 199
561
619 741 23
234 186
967 469
983 635 233
187 303
12 602
873
290 358
438 93 956
313 391
892
918 816
768 962
109 953
495 648
18 659
638 300 390
701 629 803
441
595
189 879 921
555
581 580
306 63
97 630 436
283
873
227 643
35 297
418 388 639
979 326
459 647 251
830 47 135
316 60
6
499 866 228
492 430
558 608 90
298 701
836
213 651 965
916 182
748 498 346
507 710
435 203
848 768
232 238
234 543 776
409 689
568
836 7
368 812
89 670 770
401
504 534
396 252 588
434 536 721
447 262
245 157
813
573 613
538 315 687
676 834
997 992
287
885 652
826
105
997 989
932 363
632
991 440
642 980
696
142 633 638
855 249 463
817 664 44
469
482 740
795
426 375 175
249 785
664 289
91 269 56
522 481 112
918 836 322
725 573
974 601
473 67 568
456 662
2
80 940 377
558 934
828 271
869
907 415 982
742 755
922 666 412
653
291
990 926
871
214
425 503
143
695
694 715 276
96
784
441
583
969
802
871
589 438 676
906 925
800 159
306 384
106 154
153
17 660
918
63 919 724
379 413 572
581 678 153
210
638 127
831 380 987
671
415 597 686
256
28 197 414
5 87
487
736
863
486
232
27 313 667
272 432
4 1
566 906
742 447 557
243
387 273 61
304 24 59
905
912
630 422 69
413 604
397 258 131
169 563
525 402
915 224 789
323 285
931
757 38
629 445
957 584
819 833 494
721 361 349
119 957 202
909 810 546
900 637
705 295
113
875 318 421
410
804 352
873 973 994
437 136 697
19 589
720 292 156
267
373 858 746
406 152
300 860 128
596 772
185 316 902
301 861
628 184
901 495
740 437 650
413 474
96 427 418
856
506 849 964
139 497
397 918
353
445 519
238 606 420
823 354
244 566
635 582 897
815 234 924
229 225
278
514 750
825 672 27
792 33
112 177 516
170
522 954 259
356 622
224
985 431
934
67
686 610 181
764 429
155
670 526
616
229 723
817 522 594
585 983 663
779 323
88
594
301 331 111
393 372
695
221
791
936 394
41 853 261
844 383
306 625
137
610 636 645
904 176 839
953 142
995 381
210 120
265 448
237 889
897
973 684
249 191
879 454 166
689 201
146
65
356 339 502
207 270 288
28 709 713
965
985
732 39
659 260 535
423 337 948
449 916
838 68
379 404
583 843 603
706 571 894
789 917
157 649
328 143
936 282 101
179 344
563
683
34 171
41 958 976
249 928 117
147 760 433
477
229 722
142 951 549
349 682
996 247 174
781 841
449 485
473 817
813
53 725
150
198 802 837
185 253 688
888 162
511
824 163 598
892
207 424 592
59 655
116
720 446
349 116 737
649
261
504 870
871 5
649 129
147 212 971
347
876
196 14
191
436
583
384 222 26
144
84 398 409
437 506
412 122 778
426
647
163 492 328
368 523
751 627 400
624
995
867 931
402 607 109
192 700
481 395 895
465 875
171 590
844 805 350
260 766
802 541 312
675 467
565 929 711
108 134
681 824 583
592 133 673
48 484 220
690
698
108 277 641
501 747 593
931 842 867
328
93
533 489
343 293
910 439
401 302
442
493 840
189 106 790
637 794 578
369 896
614
408 863
157 531
563
661 37
634 811
731 542
887 115
524
767 419 460
254
773 967 2
832
17 35 486
199 170 877
774
944 73 558
670 775
186
953 640
124 49 796
729 425
264
149
325
756
285 692 845
316 423
373 320
659 538
825
337 771 30
556 267 773
676 210
985 229 882
235 943
72
73 716
215 15 807
237
301
972 66 455
598 787
535
88 132 16
163
348
355 642 274
23 581 362
779
369 830
149 927
974
969 137 468
20 617
6
383 113
46
660 677
292 657
434 453 881
341 25 591
687 626 108
726 441 426
770
931 449
687
219
868 461
619 847 864
319 237
958
521 280 365
259 508
335
975 29 548
656
734 873 434
767 901 471
959
311 730
414 211 735
195
519 936
432 189
206 576 978
837 51 952
258 658
102 577 351
240 899 562
753 77
323 781 373
936
552 623 333
193 698
645
212 165 947
520
482
555 537
92 761 777
488 690
686 97
560 123 232
643 808 611
777 708 219
258
613
796 284 180
256 286
903 294 922
209 753
367
893
811 763
971 396
207 788
62 227
471
189 411
114 552
32
537 374
881 799 674
505 99 168
904 86 50
448
778 909
65
567 144 475
442 624 82
406 907 905
667 734 114
648 347 367
34
483 974 509
734 110 317
661 960 428
479 612 727
400 102
773 490
592 574
803 360 246
649 226 814
933 195
279 914 356
888 615 680
205 266 769
13 256 92
491
555 904 646
332
704 40 669
495 600
595 547
501 938
499 444
786 681 52
152 287
507 194
408 806 751
555
797 619
561
388 8
762
955 510
253 476
723
412 342
106 45 458
162
951 512
806 702 644
579
154 970
76 366 54
113 107
528
940
418 815
494 890 892
791 961 147
826
664
893 854
823 798
894 190 255
213
155
738
99 903 125
970
476 121 141
338 240 968
89 872 993
651 505 393
918 178 883
561
220 913
722
381 511 482
467 371 263
444
509 614 206
903
406
238 570
591
117 208
319
93
672
973 248 173
133
535 257 609
776 353
745
812 996
840 514 783
478 986
861 268 10
819 466 307
221 12 196
647 216 504
494
855
328
520 616
885
864
33 243
669
198 515 223
366
315 465
487 311
494 599
696
738 868 705
959 36 55
888 699
623 22 718
656 585
56
19
214
505
500 757 150
243 521
726
683
353
74 464
114
451
540 275 966
185 726
738
739 325 305
930 13
486 493
435
758
276 204 185
8 822 488
205 719
929 850 739
596
97
497 930
788 813
127 146
596 743
839
884 387
178 403
248
101
73 155
261 693
2
594
724 991 3
831
198
109
305 338
782 95 473
99 378
419
212 298 732
481 855 685
472 764 852
866 880 443
333 126 357
65 58 605
650 487
801 979 343
17
261 104
552
187 198
523 532 187
537
545 533 242
291 749 149
133 9
142 683 893
809 319
283 935 417
754
969 169
267
436
675
744
732 780 140
673
959 70
521 703 782
707 379 869
794
965 79 977
4 213
851 720
672
971 595
134 272
641
146 871
350 477
697 491
446
649 20
788 825 891
575
680
401 878
442 164
219 472
698 470 145
986 527
387 119 529
915 478 207
678 98
951 42 386
575 888
854 221
982 793
689
330 865
34 283 359
787
315 459
545 31 241
813 456
694 17
784 103
383 874 389
565 694 250
652
601 779
850
808 151
855 792
567
600
37 844 742
948
416
457
485 457
527
13 406 200
917
731 981 695
372
874 618 774
672 265
236 91 933
851
171 835 765
259 340
344
308 335
393
405
605
847 828
2 859 230
313 733 556
293 499
897 507
273 301
53 74 945
2 560 304
278
420 392
459 314
700
549
929 18 887
182
890 569 385
199 336
221 65
447 462
248
102 988
295 94 410
946 540 244
788 561 696
902 631
762
999 62 296
534 939 183
468 71 41
29 83 823
401 161
260 179 745
198 205 341
700 800 80
781
135
698 998 75
386 483 435
595
826
468 990
739 653 84
161 369 368
473 748
402
152 309
683 72 308
450 48
800 524
385 950
499 85 838
873 544
705 886 21
321 767
434 959 264
866
551 278 334
630
925 405 138
273 214
516
347
970
914
971 831
226
298 829 451
930 885 399
137 744
297 714
972
162
869 801
36
133 57 442
904
364 661
731
961
240 28 500
748 96
459 480
102 908
571 299
77 329
329 820
309
931 217
29
999
719 856 946
707
609 665
556
777 148 969
952
319 397 345
820
658
416
137 848 89
156
894 4
572 791 539
769 628 985
698 736 910
753 937 407
75
527 310
975 209
452 172
873 100 452
717 559
368 235
853 193 364
618 941 999
725
54
38 818
650
24
346 281 754
169 731 306
489 553
797
509
26
716 729
211 330
420 821
606
72 64
579 32
6
571
394
55 920
822 923
455
267 88
184 846
434 160
479 949
175
234 513 826
209
782
902
730
439
133 450 376
742 857 984
25 382 555
162 995
105 11 944
910
76
605
93
20 215 712
176 554
262 408
