8
3
4 2
6
3 1
4
5 1 2
2 3
7
3
10
222 2 7
309 3
491 1 6
424
844
599
526 4 5
666 8 9
176
653
20
275 6 8 4
990
780
765
904 12
384 13
289 17
149 1
994 5 10
860 3
653 7
928
637 15 11
515 18 19 16
724
522 2 14
485
505 9
640
292
50
795 42 9
493
143 25 17
569
124 44
59 8 1
856 46 38
769 20 35
614
308 23
413 29
230
900 15 18
644 7 19
953 26 3
726 31 33
601
112 4
911 11
814 40
240
245 45
522 28
108 21
709 6 12
837 22 43
355
893
527 47
500 41
332
184
927 48
167
83 49 13
243
137 39
932 32
72 30
850
589
196
153 2
742 24
572 37 10
376 34
45 16 27
908 36 5
233
586 14
100
805 75
216 4 93 59 9
126 24
772
220 55 86
714
514 66 53 56 2
537
155
723 29
496 92 82
476
362
572
202
193
752
923
77
406
150 89 96 76 15 51
882
669
725
857
454
903
531 94
509 71 6 90 87 48
653
995 23 73 25
44
364
456
314
953 31 16 80 61
171
659
94
461
604
847
311 49 5 65
776 28
920
27
889
21
930 62 17 41 47
399
706 32 95 44
667
978 27 20 50 30 70
495 45 97
108
166
471 34 72
572 3 21
501
757 36 54 69 8
643 12 63
802
87
563
405
664
852 74 7
424
635
996
680 64 38 19 40
670 35 60
117
790
277
318 88 43
124
933
509
193
705
976 1 52 10
214 11 84
176 37 18
103
166
815
274 46 98
846 81
731
767 99 57 42 83 13
177
419 14 78 67 68 39
506 58 26 79 33 22
903
71
564
938
956
620 77 85 91
500
604 409
810 129
303 300
642 35
8 448
397 328
730 89
772 61
687 149
161 41
223 2
642 228
818 410
216 413
296 51
796 186
904 287
104 302
934 123
38 423
614 205
689 70
960 459
119 315
948 95
367 447
550 214
425 128
609 314
797 251
487 263
607 415
200 441
857 157
833 226
558 406
874 197
365 440
760 309
508 473
374 271
618 146
503 429
27 430
175 412
139 371
846 270
77 46
319 472
509 301
764 238
806 148
622 337
362 242
196 196
924 267
922 486
369 264
132 171
274 258
587 326
423 184
831 169
558 86
155 97
294 467
10 174
824 380
876 117
947 29
934 417
914 457
415 489
308 52
803 426
755 210
369 456
31 58
862 80
691 195
204 111
254 77
797 166
301 187
841 206
637 140
933 101
5 188
697 347
553 16
467 223
632 127
332 5
675 75
786 397
870 274
975 396
411 323
649 84
247 144
844 168
474 161
986 438
744 208
83 181
677 416
242 408
55 91
270 220
7 82
998 207
679 201
426 162
377 193
163 366
306 463
305 358
116 23
733 137
607 18
134 348
890 407
670 498
194 102
850 369
524 330
185 139
146 339
414 268
384 332
834 191
988 65
794 176
39 177
390 377
826 318
284 227
858 322
723 130
907 173
599 320
941 303
225 313
557 43
585 428
359 372
830 342
767 67
402 121
593 254
583 356
103 354
334 116
625 445
214 398
861 311
408 260
747 485
825 492
72 136
65 13
92 124
543 379
282 285
48 335
286 299
995 224
336 468
284 298
833 92
517 114
439 143
716 76
734 164
289 27
525 212
822 15
410 273
747 150
999 163
752 451
181 331
347 414
749 434
965 198
785 355
954 159
371 26
855 182
977 233
62 490
879 275
947 385
969 317
611
990 30
419 53
916 244
998 262
398 20
586 460
128 47
349 113
427 255
785 83
932 284
710 249
17 359
595 172
997 469
17 234
867 38
322 336
815 218
502 324
825 394
994 154
574 381
814 151
739 11
720 63
459 192
338 96
237 329
392 236
257 256
447 393
566 364
283 261
116 235
926 98
59 225
260 482
666 185
650 392
153 39
725 341
41 54
292 88
712 418
966 427
530 119
995 57
122 22
416 395
845 388
555 31
705 180
840 170
347 104
570 401
522 8
571 199
676 425
91 87
746 269
783 334
218 316
880 310
107 480
975 221
983 115
117 209
371 499
196 436
909 73
645 45
686 6
790 368
375 252
590 253
265 319
572 453
832 449
930 477
38 455
169 138
973 42
359 240
97 297
760 110
237 120
241 290
874 288
851 34
420 160
359 443
996 246
100 106
671 109
670 294
132 470
270 437
248 384
475 351
246 152
111 432
601 276
302 132
406 36
158 32
779 333
957 125
410 431
568 281
195 484
326 391
969 400
610 215
934 375
85 213
285 122
834 349
62 229
570 345
620 404
428 100
253 245
843 44
504 421
876 344
206 50
624 442
447 237
792 190
612 17
712 103
746 488
642 99
772 126
252 118
969 194
87 175
308 461
832 471
113 305
558 90
855 14
683 481
92 497
80 370
397 21
414 474
590 308
637 402
426 248
373 202
895 4
214 40
237 454
156 135
196 411
342 158
106 105
30 487
768 304
756 9
16 93
114 167
819 112
204 239
931 78
912 247
887 24
110 142
739 56
198 496
850 292
493 231
535 382
557 360
773 283
832 69
528 12
15 179
816 37
381 491
496 340
717 257
203 204
194 495
230 435
533 230
952 81
722 232
42 147
271 66
332 296
693 74
486 134
696 338
850 325
112 131
710 420
315 60
810 156
986 389
394 243
118 278
194 72
59 28
934 361
353 145
183 458
428 346
295 493
655 422
173 321
124 387
357 7
552 386
798 446
103 79
449 373
255 343
986 312
669 483
507 165
383 55
888 3
153 350
516 266
568 307
365 217
800 64
530 200
696 466
713 25
411 85
401 33
768 479
100 464
678 295
406 439
821 133
178 362
747 444
562 259
748 59
300 291
532 357
68 327
927 10
35 353
840 153
350 476
543 189
145 424
653 68
500 62
647 272
636 365
901 286
677 390
301 71
42 1
719 94
123 178
877 405
253 289
671 108
447 352
860 450
735 19
2 399
337 419
640 222
271 155
257 49
12 367
598 475
697 293
429 211
515 452
112 241
252 280
993 141
636 378
709 306
450 183
870 376
902 48
321 279
415 374
409 282
380 363
216 107
211 462
710 219
406 494
294 403
127 478
972 265
382 216
425 203
205 277
86 250
999 383
294 433
912 465
1000
18 31 609
676
904
658 932 845
968 821 731
91
730 142 789
280 47 642
700 834 326
340
144 267 8
400
479 928 564
897 406 87
901 157
803 950
578 84
630
855 323
263 812 302
923 693
825 180
952 469
128
863
306 677
819 629 272
725 239
468 213
631 72
757
578 96 249
897 637 41
785
384
260 616
590 758
602 766 945
333 800
375
980 670
527 990 131
466
422 808
825 726 496
623 458 460
810 974 245
413 238 241
867
793 355
35 883 145
926
13 967 797
918
446 89
576 155
192
329 907 304
765 689 631
270 321
243 748
713 776 493
261
466 53
742 3 559
455 294 668
957 660 339
163 133
357
281 576
134 518
580 276 790
512 105
470 273
31
275 502 312
134 122
654 707 315
910 235
576
415 898 6
573 269
769
801 876 538
359
951 655 991
825
711 951
238 167
951 780 554
531
625 188 206
730 903 107
234 221
690
885
51 918 391
930
666 712
373
823 67 605
612 558 156
767 168
611 997
338
522 332 968
150 648
681 54
511 461 730
41 750
20
34 773 718
976 23
299 809 462
667
409 452 380
55 957 207
963 949 959
391
869 681
701 477 457
810 765
424
813 15
97
173 838
862 904
840 858 202
151 514
577 940 656
787 11
275
929
575 919 563
888 888 626
122 70
940 196 90
316 606
731 55 708
840 215 345
938 887 320
60 153
247 778 231
753
275 134 278
675
845 164 198
89
552 495 610
656 827
427
91
357 741
817 209 78
839 996 352
4 723 361
292 176 524
138 392
288 972 585
934 643
670
965 593
513 343
986 404
133 366
381
1 483 952
561
980 463 390
460
825 751
70
751 290
914
878
890
774
933 869
868 791 916
790 50
765 300 620
410 405 66
732 195
334 868 891
253 939 989
979 9
483
898
907 137
245 413
236 485 597
832 644
335 397
770 393 522
48
21 447
489
245 472 638
875 297 436
767 287 46
32 474
835
433 40
499 319 669
914 22 815
389 246
868 183 805
566 71
233 438
460 184 258
98 423
512 860
829 76
110 79 946
910
160 21
821 48
709 348 369
546 574 519
318
129 49
809 443 334
824 146
710
122 80 274
444
896
201
831 504 56
7 367
294 256
590
163 136
64 376
459 632 308
971 108 911
627
720
192 277
785
586 604 859
808 30 301
795
398 125 342
111
251 237 803
679 336 382
836
322 360
295 892 672
364
500
789 44 762
576
939
150
990 255
844 511
358 248 37
70
959 630 649
275 747
125
657 182 828
85
160 130 561
771
714 873 947
383 832
339
823
784
486 150
1
825 283
303
232
72
924 833
111
350 160 881
514 871 625
810 410 734
321 539 257
651 580
8 745 350
549
125 408
91 114
84 931 506
855
133 953
849 983 383
146
819
874
860 999 17
654
596
940 541 351
705
764
872 977
141
735 523
510
474 958
259
265
430 546
238
657 895 225
71 450
459 578
861 39 74
21
78 464
846 795 520
120
38
886 851
103
737 220 409
882 560 185
746 385 976
1 75
946
244 33
362 816 863
674
992 929 68
243 200
133
885
34
927 398
287 728
13 938 810
547
923
857 979
605 240
945 594 686
70 295 720
988 801
789 19
977 927 777
557
80 322 25
636
219 103
727 365
401 742
323 969
95 298 310
326 77
940 116 905
608
681 926
764
140 471
245
856 556 733
61 700 394
445
864
399
124 325 695
773 111 813
226 572
733 110
302 970
468 516
975
844 169
613 530
449 247
751 933
989
807
246 337
66
51 581
508
582
431 912
233 4 144
318
179 468
676
173 388
298 368 619
835 242
797
327 69 944
865
74 494
637 819
362
819
573 127
944 222
604 289
706
58
473 449
528 835
801 175 613
305 94 948
943 664 634
820 513
710
815
943 433
717 671 228
653 16 890
186
668 288 743
114
66 432 251
315
291
726 109 706
520 454 760
41 492 20
958
193 673 261
502
721 993 478
287 717 981
249
274 313 770
228
124
420 533 439
112 856 284
613
232
167
911 430
514
253 623 736
204 470
721
634 199
755 102
552 756
294 963
275 782 710
119
317
131 690
934 316 902
814
778 600 244
177 399
247
595 128
776 305
757
53 171
933 476 771
893 662 162
175 694
794
143 191
218 501
835
673 937
126
612 913 254
73 434 702
785 826
889
507 442 451
957 264 378
491 45
194 896
564 296
635 253
476
208 971 657
681 381 347
338 38
399 13
941 210
317
49
209 333
768 682 280
407
888
547 26
345 704 934
483 402
697
454 955
349 389
604
306 120
420 227 796
973
86 82 104
353
737
998 279 683
542 151
554 331 875
283 775
334 908 236
651 806 299
562
491
478
198 81 370
441
19 943 872
966 847
154 28
689 377
85 282
228
569
211 850
694
516
137 444 431
762 703 459
187 338 293
845 769 216
312 909
463 372 306
332
136 608 132
238 840
258 667 584
183
935
416
257 942
330
723 420 223
277
683 340
63 161
573 565
76
292
150 680
649
150
839
388 763 678
496 579 135
990 552 18
907
193 924
143
198 798
698 358
457 709 557
502 941 51
568 34 555
367 373 547
615 640
795 839
359
15 473
176 129
162 400
168 628
296 889
626 531
902 152 229
823 825
526 263
197
693 922 448
207 65
5 166
383
354 764
663 429
483
411
368 853 973
270 548 396
685 311 799
350
974 490
16 544 415
458 920
658
641
382 897 592
691 551 740
485 403 767
352 91
607 652 147
523 149 386
470
943 57 218
862 575
811 820
977 106
300 371 962
56
981
771
401 793 543
921
83
489 126
649
939 915 746
494 814 395
356
143 505 481
161
802 879 52
642
398 192
435 353
564 754 661
7
361 466
745 112 721
335
668
640 95
21 99 359
355
375
878 330 727
20 435 811
69 910 205
972 936
619 329 802
507 794
79 545 844
542
490 843
810 500
248 456
875 252
185 786 807
583
492 270 724
968
743 737
603
123 7 836
654
147
633
32 441
275 428 738
966
732 691
527
853
819 356 139
419 73
979 647 479
793 645
778
170 419 589
913
115
138
598 233 582
506 744
638 85
703 569
922 663
211
218 534
553 590 893
675 407
704 230
481 510 346
316 486
76 966
188
950 187
694 615
572 549 618
465
389 349
265
719 259
644
120 992 577
81 658 27
775 848
877 101 179
268 923 774
235
751
210 852 995
776 88
207 143 659
343 562
4
185 784 697
78
777 980
181
9 354 335
813
122 988 688
15 696
667 307 487
756 497 598
611
12 211
284
437
812 568
110 715
498
854 870
952 987
530
776
247
751 679 674
444 5 861
335 676 93
95 414
226 759
404 641 633
62 978
662 208
353 650
7
468 818 154
30
555 260
138
226
895 612 508
141 232 197
628 425 418
754
314 314
818 651
827 60 961
180 526 792
386 857
60 611 880
832 622 324
374
95 36 621
366 401
785
5 566
611
997 35
2 823
737 965
759
421 424
330 292 83
599 804 455
867
691 291 422
716
513
367 63 607
668 158
571 587 772
539 885 886
455 862 586
223 475 701
902 914
842 482 374
846 327
119
29 24
740 243
380 281
78 163
246
913
833
552 542
140
314 234 535
807 201 421
710
715
255 636
484 426
125
985 265
918
356 573 507
426
46 757 275
925 755
465 124
636
333
120 286
965 866 532
775 901 684
956 768 705
689 528 595
920 344
56
480 571 986
834 787 687
809 864 217
110
973 186 675
221 956
881 219
713 123
969
864 62 412
46 867 685
72
285 984
536 491 384
598 59
760
272 29 64
961 603
830 599
276 714 262
48
508 921 975
11 527 172
948
823 964
875 181 666
708
865 837 698
895 521
663
711 855
954 465
975 357
739 10 617
281 624
944 317
529 817 960
485 362 363
136 61 517
862 498 982
19
612 194
633
857 97
605
332 739
695 998
982 100 224
467 779
427
548
662 601 882
944 364 503
530 499
713
798
64 177
816
489
891
347 900 58
951 540 226
843
213 602 894
916 849
984
839 822
406 591 846
817 874 829
97
383
251 732
117
566 899
293 467
394 453
315 537 831
869 567
538
180 515
177
656 445 141
509 32
354 484
582
415 12 212
936
370 178
751 646
565 411
41 925
286 437 654
354 749 614
678 416
859 713 722
896
198 529
224
48 653
664 170 190
139 753 781
391 440
262
715 42 266
768 113
666
501 692
375 842
740 761
512 930 268
836 214 174
703 328
267 824
534 118
74
116
489 570
253 935 725
92
758 159 140
986 525 785
604 250 271
355 427 954
388 2 588
824
256 204
329 417 119
289
498 341 985
100 138 115
998
66
69 906
522 583
335 719
37
44
772
25
91 596
620 193
991 699
336 509 841
127
750 489 788
933
602 203
900 121 830
417
438 865
668 878 553
183 854 148
469
662 165
690
869
304 917
770
643 536
793 379 627
869
984 783
570
527 550
334 735
95 117 309
509
363 189 446
322 92
714 1 752
860
554
6
236 173
904 43
133 86 665
799 512 318
760 480 387
932 711 639
649
316 635
417 285
182 488 877
948 98 884
678 303 716
753 994 14
186
655 375 729
394
