100
1 0
406441
4 9
142202 16022 192860 0 794608 412010 106584 0 0 398958 0 59558 0 540660 229206
6 57
383508 439468 0 0 31331 0 0 0 0 101826 643680 0 0 0 0 0 0 0 0 227047 775019 0 73352 0 0 0 0 0 0 0 0 0 0 0 0 0 0 0 0 75542 344930 314866 0 0 0 526562 238698 0 0 0 0 0 0 0 0 0 0 0 0 0 0 0 0
6 61
5448 0 0 0 0 0 0 0 0 0 0 0 0 0 0 0 0 0 0 0 0 0 0 0 0 0 0 0 0 0 0 0 0 0 0 0 0 0 0 0 0 0 0 0 0 0 0 0 0 0 0 0 0 0 0 0 0 0 0 0 0 0 0
3 0
496313 685172 849747 3321 0 0 0
9 214
484126 0 0 0 0 0 0 0 0 0 0 0 0 0 0 0 0 0 0 0 0 0 0 0 0 0 0 0 0 0 0 0 0 0 0 0 0 0 0 0 0 0 0 0 0 0 0 0 0 0 0 0 0 0 0 0 0 0 0 0 0 0 0 0 0 0 0 0 0 0 0 0 0 0 0 0 0 0 0 0 0 0 0 0 0 0 0 0 0 0 0 0 0 0 0 0 0 0 0 0 0 0 0 0 0 0 0 0 0 0 0 0 0 0 0 0 0 0 0 0 0 0 0 0 0 0 0 0 0 0 0 0 0 0 0 0 0 0 0 0 0 0 0 0 0 0 0 0 0 0 0 0 0 0 0 0 0 0 0 0 0 0 0 0 0 0 0 0 0 0 0 0 0 0 0 0 0 0 0 0 0 0 0 0 0 0 0 0 0 0 0 0 0 0 0 0 0 0 0 0 0 0 0 0 0 0 0 0 0 0 0 0 0 0 0 0 0 0 0 0 0 0 0 0 0 0 0 0 0 0 0 0 0 0 0 0 0 0 0 0 0 0 0 0 0 0 0 0 0 0 0 0 0 0 0 0 0 0 0 0 0 0 0 0 0 0 0 0 0 0 0 0 0 0 0 0 0 0 0 0 0 0 0 0 0 0 0 0 0 0 0 0 0 0 0 0 0 0 0 0 0 0 0 0 0 0 0 0 0 0 0 0 0 0 0 0 0 0 0 0 0 0 0 0 0 0 0 0 0 0 0 0 0 0 0 0 0 0 0 0 0 0 0 0 0 0 0 0 0 0 0 0 0 0 0 0 0 0 0 0 0 0 0 0 0 0 0 0 0 0 0 0 0 0 0 0 0 0 0 0 0 0 0 0 0 0 0 0 0 0 0 0 0 0 0 0 0 0 0 0 0 0 0 0 0 0 0 0 0 0 0 0 0 0 0 0 0 0 0 0 0 0 0 0 0 0 0 0 0 0 0 0 0 0 0 0 0 0 0 0 0 0 0 0 0 0 0 0 0 0 0 0 0 0 0 0 0 0 0 0 0 0 0 0 0 0 0 0 0 0 0 0 0 0 0 0 0 0 0 0 0 0 0 0 0 0 0 0 0 0 0 0 0 0 0 0 0 0 0 0 0 0 0 0 0 0 0 0 0 0 0
6 53
2183 0 240882 0 0 460298 487383 0 0 0 0 375650 506810 346234 908887 0 0 0 0 0 0 0 0 582259 144747 919948 741048 671658 100538 0 0 0 0 0 0 0 0 0 0 0 0 0 0 0 0 0 0 178560 152462 426311 482281 22338 967942 306798 366896 330271 880316 159792 664413 0 0 0 0
5 13
735870 529543 341076 870972 282829 485541 0 633449 0 688914 926009 67189 172794 0 0 540864 0 0 0 661315 521096 0 230630 385438 193288 988822 886577 0 0 0 0
1 1
179611
5 28
159114 0 90156 0 0 0 0 0 0 0 0 0 0 0 0 0 0 0 0 0 0 0 0 0 0 0 0 0 0 0 0
2 0
693275 0 0
5 30
387113 0 109298 0 0 127437 0 0 0 0 0 49474 609331 0 0 0 0 0 0 0 0 0 0 85123 845038 978621 0 0 0 0 0
2 1
106190 0 0
8 131
606130 526638 268377 288135 83677 368827 27779 992116 705346 0 633635 0 963396 0 104242 572470 0 0 224804 0 0 0 116760 0 0 863525 186360 0 0 882203 618692 710818 54006 0 0 0 0 730214 238685 0 0 0 0 0 0 63766 408417 0 0 0 0 201835 879422 775212 556589 0 0 0 0 984496 648762 852406 0 0 0 135418 616108 0 0 0 0 0 0 0 0 91750 0 833089 0 0 0 0 0 0 0 0 0 0 0 0 0 242857 0 893809 591932 0 0 0 0 0 0 0 0 612147 708115 256405 0 0 0 791619 672309 0 0 0 0 0 0 0 0 0 0 0 797055 0 816378 0 0 0 0 0 0 396881 137982 0 202183 0 0 0 0 0 0 0 0 0 0 0 0 0 0 0 0 711986 189738 0 0 918748 442897 0 0 0 0 0 0 0 0 0 0 0 0 0 0 0 0 0 0 0 0 0 0 0 0 0 0 635087 212716 0 0 0 225237 815915 0 0 0 0 0 0 0 0 0 0 0 0 0 0 0 0 0 266619 125403 992135 0 423052 78306 0 0 0 0 0 0 232719 658333 126040 349900 0 0 0 0 0 0 0 0 0 0 0 0 0 0 0 0 0 0 0 0 0 0 891642 143590 0 0 0 0 0 0 0 0
9 502
881666 725630 138161 0 452023 299681 182927 0 0 209894 0 0 680139 65125 0 0 0 0 0 0 456554 0 0 0 0 520612 732701 634943 0 0 0 0 0 0 0 0 0 0 0 0 0 50708 0 0 0 0 0 0 0 0 0 598987 800055 768079 0 620461 0 0 0 0 0 0 0 0 0 0 0 0 0 0 0 0 0 0 0 0 0 0 0 0 0 0 0 227265 0 0 0 0 0 0 0 0 0 0 0 0 0 0 0 0 0 0 0 0 411991 652748 890963 457040 467025 0 0 0 5318 0 0 0 0 0 0 0 0 0 0 0 0 0 0 0 0 0 0 0 0 0 0 0 0 0 0 0 0 0 0 0 0 0 0 0 0 0 0 0 0 0 0 0 0 0 0 0 0 0 0 0 0 0 0 296322 317279 0 0 0 0 0 0 0 0 0 0 0 0 0 0 0 0 0 0 0 0 0 0 0 0 0 0 0 0 0 0 0 0 0 0 0 0 0 0 0 0 133620 818053 804255 0 463135 556433 526765 301372 345250 690494 0 0 0 0 0 0 276845 0 0 0 0 0 0 0 0 0 0 0 0 0 0 0 0 0 0 0 0 0 0 0 0 0 0 0 0 0 0 0 0 0 0 0 0 0 0 0 0 0 0 0 0 0 0 0 0 0 0 0 0 0 0 0 0 0 0 0 0 0 0 0 0 0 0 0 0 0 0 0 0 0 0 0 0 0 0 0 0 0 0 0 0 0 0 0 0 0 0 0 0 0 0 0 0 0 0 0 0 0 0 0 0 0 0 0 0 0 820370 174281 0 414521 0 0 0 0 0 0 0 0 0 0 0 0 0 0 0 0 0 0 0 0 0 0 0 0 0 0 0 0 0 0 0 0 0 0 0 0 0 0 0 0 0 0 0 0 0 0 0 0 0 0 0 0 0 0 0 0 0 0 0 0 0 0 0 0 0 0 0 0 0 0 0 0 0 0 0 0 0 0 0 0 0 0 968949 287268 882874 238670 0 0 964473 689758 368616 764739 15792 949262 0 54992 407047 453189 529143 0 0 0 0 0 0 0 0 0 0 0 0 0 0 0 0 0 0 0 0 0 0 0 0 0 0 0 0 0 0 0 0 0 0 0 0 0 0 0 0 0 0 0 0 0 0 0 0 0 0 0 0 0 0 0 0 0 0 0 0 0 0 0 0 0 0 0 0 0 0 0 0 0
6 3
809225 974981 0 323713 515665 0 0 968443 865123 274336 0 0 0 0 0 262149 795647 697347 26349 0 0 0 0 0 0 0 0 0 0 0 0 247177 231038 0 0 343427 826336 54958 82418 0 0 0 0 0 0 0 0 0 0 0 0 0 0 0 0 0 0 0 0 0 0 0 0
1 0
551370
8 239
647738 742897 712156 144719 343677 761661 614781 0 722518 857351 0 329611 35745 299398 823540 0 0 583633 531246 152847 701554 0 0 0 531678 881875 918085 158754 4144 414228 269379 0 0 0 0 947537 730251 667267 472127 74015 997046 923659 20091 0 0 0 0 0 0 0 0 857994 568639 85197 87391 0 0 0 0 561974 108916 543314 152869 0 0 0 0 0 0 0 0 145945 61881 0 635869 605482 349933 747089 619173 305520 407345 605326 0 0 0 828964 448416 0 0 0 0 0 0 0 0 0 0 0 0 0 0 0 0 992284 153702 0 703593 0 571455 91079 0 0 0 0 0 0 0 0 0 914726 0 397069 0 514531 468383 208362 354300 0 0 0 0 0 0 0 0 0 0 0 0 0 0 0 0 160221 8331 0 0 0 0 0 386533 718696 113257 287820 468781 704628 523105 672930 847540 0 42955 458029 0 173204 818936 0 0 0 0 0 0 162872 272114 0 239456 0 0 0 0 0 0 0 0 0 0 0 0 0 0 0 0 0 0 0 0 0 0 0 0 0 0 0 0 0 0 0 0 8360 989892 46089 0 0 0 0 658559 0 0 0 0 198144 210537 0 0 0 0 0 0 0 0 0 0 0 0 0 0 0 0 0 0 27974 352433 0 0 520436 218208 0 0 0 658277 121157 957177 850356 772567 171553 581824
2 1
852126 0 172415
6 55
873118 237487 828870 114490 112626 0 127964 764024 719382 917571 392086 0 0 485633 0 550084 781253 586521 0 717933 0 826122 83771 0 0 0 0 537861 423426 0 0 253026 763072 646411 510218 820227 0 0 0 597614 689311 0 0 647097 902305 48727 202521 0 0 0 0 0 0 0 0 0 566617 0 254018 0 0 0 0
9 497
331589 738934 276108 729166 715646 826352 948722 0 0 354371 761445 0 947694 993608 390743 0 0 0 0 0 762517 0 0 0 0 769160 0 0 892203 368534 788182 0 0 0 0 0 0 0 0 0 0 459468 90302 0 0 0 0 0 0 0 0 766073 879717 0 0 0 0 0 240782 181053 370390 736589 0 0 0 0 0 0 0 0 0 0 0 0 0 0 0 0 0 0 0 0 0 583961 0 0 0 0 0 0 0 0 0 0 0 0 0 0 0 0 0 0 0 113210 0 208297 0 0 0 0 0 0 0 0 0 0 0 493318 826028 416380 533349 221701 90445 985244 529518 0 0 0 0 0 0 0 0 0 0 0 0 0 0 0 0 0 0 0 0 0 0 0 0 0 0 0 0 0 0 0 0 0 0 0 0 0 0 0 0 0 0 0 0 0 0 0 0 0 0 0 0 0 0 0 0 0 0 0 0 0 0 0 0 0 0 0 0 0 0 0 0 0 0 0 0 0 0 0 0 0 0 657073 667059 0 0 0 584617 0 0 0 0 0 0 0 0 0 0 0 0 0 0 0 0 0 0 0 0 0 0 0 0 372590 924030 853312 954880 0 417285 582796 266263 587292 0 929560 834963 748760 353075 0 0 0 0 0 0 0 0 0 0 0 0 0 0 0 0 0 0 0 0 0 0 0 0 0 0 0 0 0 0 0 0 0 0 0 0 0 0 0 0 0 0 0 0 0 0 0 0 0 0 0 0 0 0 0 0 0 0 0 0 0 0 0 0 0 0 0 0 0 0 0 0 0 0 0 0 0 0 0 0 0 0 0 0 0 0 0 0 0 0 0 0 0 0 0 0 0 0 0 0 0 0 0 0 0 0 0 0 0 0 0 0 0 0 0 0 0 0 0 0 0 0 0 0 0 0 0 0 0 0 0 0 0 0 0 0 0 0 0 0 0 0 0 0 0 0 0 0 0 0 0 0 0 0 0 0 0 0 0 0 0 0 0 0 0 428880 747263 385532 0 0 0 0 0 0 344865 470182 0 0 0 0 0 0 0 0 0 0 0 0 0 0 0 0 0 0 0 0 0 0 0 0 0 0 0 0 0 0 0 0 0 0 0 0 0 0 0 0 0 0 0 0 0 0 0 0 0 0 513610 115390 504836 176160 747830 0 0 0 242786 0 235511 0 759203 0 904587 221929 0 0 227003 0 390766 0 0 0 599195 0 0 0 0 0 0 0 0 0
5 26
199240 582432 199675 731483 151048 0 182276 939098 0 931094 947235 0 0 51484 0 932335 716069 0 0 650182 0 899048 722988 0 0 0 0 939840 337193 0 0
6 51
318847 48997 296644 293396 739904 534390 987873 6002 0 855488 70860 857780 973585 962804 480016 215944 133196 0 0 0 31992 0 0 440861 638134 0 476064 736107 892082 909531 0 0 61054 71240 526968 0 0 0 0 0 0 336715 480581 0 0 0 0 285841 462095 0 39253 0 0 461647 210508 120304 367601 260056 855551 425091 0 0 0
9 262
727598 59347 630535 106297 846470 0 850921 467894 654186 0 62817 0 0 0 169091 195168 0 396406 0 0 0 576642 173923 0 0 0 0 0 0 490315 0 543713 634223 0 0 189842 914690 0 0 0 0 0 0 0 0 0 814423 0 0 0 0 0 0 0 0 0 0 0 0 820503 16962 0 0 111267 781787 0 73959 0 0 0 0 892164 8195 187408 465700 0 0 0 0 0 0 0 0 0 0 0 0 0 0 0 0 0 0 552532 0 0 0 0 0 0 0 0 0 0 0 0 0 0 0 0 0 0 0 0 0 0 0 0 0 197388 0 0 141888 0 0 0 0 0 253744 0 165653 0 0 0 238846 0 0 0 0 0 0 0 0 394222 238208 564824 198535 0 0 786892 732367 0 0 0 0 0 0 0 0 0 0 0 0 0 0 0 0 0 0 0 0 0 0 0 0 0 0 0 0 0 0 0 0 0 0 0 0 652344 819110 0 0 0 0 0 0 0 0 0 0 0 0 0 0 0 0 0 0 0 0 0 0 0 0 0 0 0 0 0 0 0 0 0 0 0 0 0 0 0 0 0 0 0 0 0 0 0 0 0 0 216557 884731 0 0 0 0 451956 887137 0 0 0 0 0 0 0 0 0 0 584646 20337 0 0 0 0 0 0 0 0 0 0 206421 862314 0 0 0 0 0 0 0 0 0 0 0 0 0 0 0 0 723364 711211 687882 906139 412608 915651 793555 239987 0 0 0 0 489430 449550 0 252899 0 0 0 0 0 0 0 0 0 0 0 0 0 0 0 0 0 0 0 0 0 0 0 0 0 0 0 0 0 0 0 0 0 0 0 0 0 0 0 0 0 0 0 0 0 0 0 0 0 0 0 0 0 0 0 0 0 0 0 0 0 0 0 0 0 0 0 0 0 0 0 0 783861 891734 414031 364000 0 0 0 0 0 0 0 0 0 0 0 0 0 0 0 0 0 0 0 0 0 0 0 0 0 0 0 0 0 0 0 0 0 0 0 0 0 0 0 0 0 0 0 0 0 0 0 0 0 0 0 0 0 0 0 0 0 0 0 0 0 0 0 0 0 0 0 0 0 0 0 0 0 0 0 0 0 0 0 0 0 0 0 0 0 0 0 0 0 0 0 0 0 0 0 0 0 0 0 0 676902 310511 757448 891549 0 0 0 0 0 0 0 0 67701 713495 705961 625550 0 0 0 0 0 0 0 0 0 0 0 0 0 0 0 0
10 1006
83394 437695 23332 0 0 917299 471217 0 0 0 0 637621 415944 0 943296 0 0 0 0 0 0 0 0 0 712609 730147 16025 0 0 0 370720 0 0 0 0 0 0 0 0 0 0 0 0 0 0 0 0 0 0 0 700120 575314 271437 963502 205084 0 0 0 0 0 0 721391 0 0 0 0 0 0 0 0 0 0 0 0 0 0 0 0 0 0 0 0 0 0 0 0 0 0 0 0 0 0 0 0 0 0 0 0 0 0 0 946271 418019 17492 614207 0 231507 825321 253023 954954 0 0 0 0 0 0 0 0 0 0 0 0 0 0 0 0 0 0 0 0 0 0 0 0 0 0 0 0 0 0 0 0 0 0 0 0 0 0 0 0 0 0 0 0 0 0 0 0 0 0 0 0 0 0 0 0 0 0 0 0 0 0 0 0 0 0 0 0 0 0 0 0 0 0 0 0 0 0 0 0 0 0 0 0 0 0 0 0 0 0 0 0 0 492240 83859 295090 597486 0 737415 0 809324 0 0 60755 0 0 772127 511952 579555 339363 0 0 0 0 0 0 0 0 0 0 0 0 0 0 0 0 0 0 0 0 0 0 0 0 0 0 0 0 0 0 0 0 0 0 0 0 0 0 0 0 0 0 0 0 0 0 0 0 0 0 0 0 0 0 0 0 0 0 0 0 0 0 0 0 0 0 0 0 0 0 0 0 0 0 0 0 0 0 0 0 0 0 0 0 0 0 0 0 0 0 0 0 0 0 0 0 0 0 0 0 0 0 0 0 0 0 0 0 0 0 0 0 0 0 0 0 0 0 0 0 0 0 0 0 0 0 0 0 0 0 0 0 0 0 0 0 0 0 0 0 0 0 0 0 0 0 0 0 0 0 0 0 0 0 0 0 0 0 0 0 0 0 0 0 0 0 0 0 0 0 0 0 0 0 0 0 0 0 0 0 0 0 0 0 0 0 0 843528 384468 424953 662139 0 0 696060 248080 0 0 951842 0 0 0 132698 0 0 0 0 0 60852 194216 0 0 0 0 0 704625 12364 522267 82927 0 760517 743877 0 0 0 0 0 0 0 0 0 0 0 0 0 0 0 0 0 0 0 0 0 0 0 0 0 0 0 0 0 0 0 0 0 0 0 0 0 0 0 0 0 0 0 0 0 0 0 0 0 0 0 0 0 0 0 0 0 0 0 0 0 0 0 0 0 0 0 0 0 0 0 0 0 0 0 0 0 0 0 0 0 0 0 0 0 0 0 0 0 0 0 0 0 0 0 0 0 0 0 0 0 0 0 0 0 0 0 0 0 0 0 0 0 0 0 0 0 0 0 0 0 0 0 0 0 0 0 0 0 0 0 0 0 0 0 0 0 0 0 0 0 0 0 0 0 0 0 0 0 0 0 0 0 0 0 0 0 0 0 0 0 0 0 0 0 0 0 0 0 0 0 0 0 0 0 0 0 0 0 0 0 0 0 0 0 0 0 0 0 0 0 0 0 0 0 0 0 0 0 0 0 0 0 0 0 0 0 0 0 0 0 0 0 0 0 0 0 0 0 0 0 0 0 0 0 0 0 0 0 0 0 0 0 0 0 0 0 0 0 0 0 0 0 0 0 0 0 0 0 0 0 0 0 0 0 0 0 0 0 0 0 0 0 0 0 0 0 0 0 0 0 0 0 0 0 0 0 0 0 0 0 0 0 0 0 0 0 0 0 0 0 0 0 0 0 0 0 0 0 0 0 0 0 0 0 0 0 0 0 0 0 0 0 0 0 0 0 0 0 0 0 0 0 0 0 0 0 0 0 0 0 0 0 0 0 0 0 0 0 0 0 0 0 0 0 0 0 0 0 0 0 0 0 0 0 0 0 0 0 0 0 0 0 0 0 0 0 0 0 0 0 0 0 0 0 344930 132117 0 0 858240 101913 217649 0 0 0 0 0 119950 445662 451298 0 0 0 0 0 0 0 0 0 0 0 0 0 794370 0 0 0 0 0 0 0 0 0 0 189926 375866 348052 0 0 0 0 0 0 0 0 0 0 0 971973 0 0 927859 0 472764 833838 758023 0 0 839365 94395 396995 497635 0 0 0 0 0 0 0 0 0 0 0 0 0 0 0 0 0 0 0 0 0 0 0 0 0 0 0 0 0 0 0 0 0 0 0 0 0 0 0 0 0 0 0 0 0 0 0 0 0 0 0 0 0 0 0 0 0 0 0 0 0 0 0 0 0 0 0 0 0 0 0 0 0 0 0 0 0 0 0 0 0 0 0 0 0 0 0 0 0 0 0 0 0 0 0 0 0 0 0 0 0 0 0 0 0 0 0 0 0 0 0 0 0 0 0 0 0 0 0 0 0 0 0 0 0 0 0 0 0 0 0 0 0 0 0 0 0 0 0 0
10 1002
522093 780228 0 101645 815436 0 0 155309 135177 0 2337 0 0 0 0 86040 0 329669 173988 0 0 858433 212912 0 0 0 0 0 0 0 0 363803 305290 0 0 810603 389036 0 0 0 0 0 0 698904 0 671812 734347 0 0 0 0 0 0 0 0 0 0 0 0 0 0 0 0 312499 6128 678934 150827 0 0 0 0 0 819205 540322 758961 0 0 0 0 0 0 0 0 0 0 0 0 842645 328750 0 0 0 0 802020 936759 0 0 0 0 0 0 0 0 0 0 0 0 0 0 0 0 0 0 0 0 0 0 0 0 0 0 0 0 0 0 0 0 0 0 0 952843 595603 563385 357777 749620 0 0 0 0 0 0 0 0 0 0 108266 0 611775 906216 0 79487 0 0 0 0 0 0 0 0 0 0 0 0 0 0 0 0 0 0 0 0 0 0 0 0 479575 677230 259342 356276 0 0 0 0 0 0 0 0 52695 597717 0 0 0 0 0 0 0 0 0 0 0 0 0 0 0 0 0 0 0 0 0 0 0 0 0 0 0 0 0 0 0 0 0 0 0 0 0 0 0 0 0 0 0 0 0 0 0 0 0 0 0 0 0 0 0 0 0 0 0 0 0 0 0 0 0 0 0 0 0 0 0 0 148006 279593 820581 646343 811999 843673 283624 199326 0 256270 0 0 0 0 0 0 0 0 0 0 0 0 0 0 0 0 0 0 0 0 449777 610619 0 0 0 0 106541 326672 0 0 44140 231928 0 0 0 0 0 0 0 0 0 0 0 0 0 0 0 0 0 0 0 0 0 0 0 0 0 0 0 0 0 0 0 0 0 0 0 0 0 0 0 0 0 0 0 0 0 0 0 0 302 697163 0 0 65505 0 602261 0 0 0 0 0 0 0 0 0 0 0 0 0 0 0 0 0 48131 0 863978 362795 0 0 0 0 0 0 0 0 0 0 0 0 0 0 0 0 0 0 0 0 0 0 0 0 0 0 0 0 0 0 0 0 0 0 0 0 0 0 0 0 0 0 0 0 0 0 0 0 0 0 0 0 0 0 0 0 0 0 0 0 0 0 0 0 0 0 0 0 0 0 0 0 0 0 0 0 0 0 0 0 0 0 0 0 0 0 0 0 0 0 0 0 0 0 0 0 0 0 0 0 0 0 0 0 0 0 0 0 0 0 0 0 0 0 0 0 0 0 0 0 0 0 0 0 0 0 0 0 0 0 0 0 0 0 0 0 0 0 0 0 0 0 0 0 131043 632414 0 626325 0 85312 928850 1971 0 0 0 935163 0 765028 0 370362 0 0 618316 411010 0 0 0 0 0 0 0 0 0 0 0 0 0 0 0 0 0 0 0 0 0 0 0 0 0 0 0 0 0 0 0 0 0 0 0 0 0 0 0 0 0 170062 232889 291421 0 0 0 0 0 0 0 0 597996 3067 894240 995025 0 0 0 0 768804 965869 0 574378 0 0 0 0 0 0 0 0 0 0 0 0 0 0 0 0 0 0 0 0 0 0 0 0 0 0 0 0 0 0 0 0 0 0 0 0 0 0 0 0 0 0 0 0 0 0 0 0 0 0 0 0 0 0 0 0 0 0 0 0 0 0 0 0 0 0 0 0 0 0 0 0 0 0 0 0 0 0 0 0 0 0 0 0 0 0 0 0 0 0 0 0 0 0 0 0 82411 934542 61333 293 0 0 0 0 433409 945103 0 0 856323 583464 0 0 0 0 0 0 0 0 0 0 0 0 0 0 0 0 0 0 0 0 0 0 0 0 0 0 0 0 0 0 0 0 0 0 260863 0 0 0 433100 0 174122 71906 0 0 0 0 0 0 0 0 0 0 0 0 0 0 0 0 0 0 0 0 0 0 0 0 0 0 0 0 0 0 0 0 0 0 0 0 0 0 0 0 0 0 0 0 0 0 0 0 0 0 0 0 0 0 0 0 0 0 0 0 0 0 0 0 0 0 0 0 0 0 0 0 0 0 0 0 0 0 0 0 0 0 0 0 0 0 0 0 0 0 0 0 0 0 0 0 0 0 0 0 0 0 0 0 0 0 0 0 0 0 0 0 0 0 0 0 0 0 0 0 0 0 0 0 0 0 0 0 0 0 0 0 0 0 0 0 0 0 0 0 0 0 0 0 0 0 0 0 0 0 0 0 0 0 0 0 0 0 0 0 0 0 0 0 0 0 0 0 0 0 0 0 0 0 0 0 0 0 0 0 0 0 0 0 0 0 0 0 0 0 0 0 0 0 0 0 0 0 0 0 0 0 0 0 0 0 0 0 0 0 0 0 0 0 0 0 0 0 0 0 0 0 0 0 0 0 0 0 0 0 0 0 0 0 0 0 0 0 0 0 0 0 0 0 0 0 0 0 0 0 0 0 0 0 0 0 0 0 0 0 0 0 0 0
10 1008
734017 628088 345247 171675 0 589949 0 986213 728927 0 0 829612 580630 0 0 497737 88236 0 0 0 0 0 0 0 0 605080 331859 0 0 0 0 698514 199254 0 558209 0 0 0 0 0 0 0 0 0 0 0 0 0 0 0 0 517856 542220 502271 152400 0 0 0 0 0 0 0 0 0 391347 923342 0 0 0 401620 241100 0 0 0 0 0 0 0 0 0 0 0 0 0 0 0 0 0 0 0 0 0 0 0 0 0 0 0 0 0 0 0 0 143752 492415 600257 0 0 575313 0 75090 0 0 0 0 0 0 0 0 0 0 0 0 0 0 0 0 0 0 610865 0 0 752228 0 0 0 0 0 0 802529 0 561886 771155 0 0 0 0 0 0 0 0 0 0 0 0 0 0 0 0 0 0 0 0 0 0 0 0 0 0 0 0 0 0 0 0 0 0 0 0 0 0 0 0 0 0 0 0 0 0 0 0 0 0 0 0 0 0 0 0 0 0 0 0 0 0 0 0 742308 66178 666319 789524 937137 394348 0 0 0 0 0 513587 0 0 549551 567889 0 0 0 0 0 0 0 0 0 0 0 0 0 0 0 0 0 0 0 0 0 0 0 0 0 0 0 0 0 0 0 0 0 0 0 0 0 0 0 0 0 0 956534 370211 0 0 0 0 0 0 0 0 0 0 0 0 2907 0 0 0 0 0 50427 0 0 0 0 0 0 0 0 0 0 0 0 0 0 0 0 0 0 0 0 0 0 0 0 0 0 0 0 0 0 0 0 0 0 0 0 0 0 0 0 0 0 0 0 0 0 0 0 0 0 0 0 0 0 0 0 0 0 0 0 0 0 0 0 0 0 0 0 0 0 0 0 0 0 0 0 0 0 0 0 0 0 0 0 0 0 0 0 0 0 0 0 0 0 0 0 0 0 0 0 0 0 0 0 0 0 0 0 0 0 0 0 0 0 0 0 0 0 0 0 0 0 0 0 0 0 0 0 0 85470 0 607993 744137 474629 791466 974330 837209 0 0 177743 108840 0 0 0 0 0 0 0 0 0 0 743556 64451 0 0 0 0 986319 817311 336871 204161 0 0 0 0 0 0 0 0 0 0 0 0 0 0 0 0 0 0 0 0 0 0 0 0 0 0 0 0 0 0 0 0 0 0 0 0 0 0 0 0 0 0 0 0 0 0 0 0 0 0 0 0 0 0 0 0 0 0 0 0 0 0 0 0 0 0 0 0 0 0 0 0 0 0 0 0 0 0 0 0 0 0 0 0 541907 817413 931740 621957 0 0 0 0 0 0 0 0 0 0 0 0 0 0 0 0 0 0 0 0 0 0 0 0 0 0 0 0 0 0 0 0 0 0 0 0 0 4949 0 0 0 0 0 0 0 0 0 0 0 0 0 0 0 0 0 0 0 0 0 0 0 0 0 0 0 0 0 0 0 0 0 0 0 0 0 0 0 0 0 0 0 0 0 0 0 0 0 0 0 0 0 0 0 0 0 0 0 0 0 0 0 0 0 0 0 0 0 0 0 0 0 0 0 0 0 0 0 0 0 0 0 0 0 0 0 0 0 0 0 0 0 0 0 0 0 0 0 0 0 0 0 0 0 0 0 0 0 0 0 0 0 0 0 0 0 0 0 0 0 0 0 0 0 0 0 0 0 0 0 0 0 0 0 0 0 0 0 0 0 0 0 0 0 0 0 0 0 0 0 0 0 0 0 0 0 0 0 0 0 0 0 0 0 0 0 0 0 0 0 0 0 0 0 0 0 0 0 0 0 0 0 0 0 0 0 0 0 0 0 0 0 0 0 0 0 0 0 0 0 0 0 0 0 0 0 0 0 0 0 0 0 0 0 0 0 0 0 0 0 0 0 0 0 0 0 0 0 0 0 0 0 0 0 0 0 0 0 0 0 0 0 0 0 0 0 0 0 0 0 0 0 0 0 0 0 0 0 680208 0 0 963639 94498 576612 0 609320 453964 183281 544921 0 638533 688788 0 0 0 0 0 0 425940 515147 0 0 0 0 0 0 0 0 0 0 0 0 0 0 0 0 0 0 0 0 0 303514 798279 0 676073 0 0 0 0 0 0 0 0 844556 396333 0 0 0 326252 355737 0 0 0 0 0 0 0 0 0 0 0 0 0 0 0 0 0 0 0 0 0 0 0 0 0 0 0 0 0 0 0 0 0 0 0 0 0 0 0 0 0 0 0 0 0 0 0 0 0 0 0 0 0 0 0 0 0 0 0 0 0 0 0 0 0 0 0 0 0 0 0 0 0 0 0 0 0 0 0 0 0 0 0 0 0 0 0 0 0 0 0 0 0 0 0 0 0 0 0 0 0 0 0 0 0 0 0 0 0 0 0 0 0 0 0 0 0 0 0 0 0 0 0 0 0 0 0 0 0
6 24
526949 428680 515848 194364 0 982190 821641 146116 0 0 0 230716 996732 881002 0 7603 125348 0 0 0 0 0 0 192945 866280 136311 959549 943724 805191 0 0 593155 139513 0 518842 0 0 0 0 0 0 0 0 0 0 0 0 327822 0 818282 240816 712411 999657 691799 657149 0 180087 0 38294 0 0 0 0
3 5
743603 166300 737787 745363 0 0 0
9 491
298115 385985 488972 0 704064 606260 664709 0 0 161110 0 983308 544530 91770 345055 0 0 0 0 870329 580406 0 0 416903 25830 844157 207783 308244 816885 312355 90940 0 0 0 0 0 0 0 0 0 0 377965 791285 0 0 0 0 0 0 51345 644446 0 606736 650730 27856 83986 924336 0 642077 0 766263 392321 0 0 0 0 0 0 0 0 0 0 0 0 0 0 0 0 0 0 0 0 0 549643 0 0 334885 0 0 0 0 0 0 0 0 0 0 0 0 381630 924922 76540 0 0 0 582394 0 508432 456713 579502 0 608935 752293 521696 751935 0 0 502123 336594 0 0 0 0 166230 336706 0 0 0 0 0 0 0 0 0 0 0 0 0 0 0 0 0 0 0 0 0 0 0 0 0 0 0 0 0 0 0 0 0 0 0 0 0 0 0 0 0 0 194520 859104 0 0 0 0 975009 0 0 0 0 0 0 0 0 0 0 0 0 0 0 0 0 0 0 0 0 0 0 0 0 0 0 110978 344138 514172 587537 253893 0 0 0 0 0 0 62478 942324 0 0 735860 0 976265 68294 787487 784530 0 0 958947 0 586708 930680 184327 757331 852384 940240 0 0 0 0 149867 67497 0 814285 0 0 0 0 0 0 0 0 573381 127612 243076 534358 0 0 0 0 0 0 0 0 0 0 0 0 0 0 0 0 0 0 0 0 0 0 0 0 0 0 0 0 0 0 0 0 0 0 0 0 0 0 0 0 0 0 0 0 0 0 0 0 0 0 0 0 0 0 0 0 0 0 0 0 0 0 0 0 0 0 0 0 0 0 0 0 0 0 0 0 0 0 0 0 0 0 0 0 869662 688968 0 6785 0 0 0 0 0 0 0 0 0 0 0 0 0 0 0 0 0 0 0 0 0 0 0 0 0 0 0 0 0 0 0 0 0 0 0 0 0 0 0 0 0 0 0 0 0 0 0 0 0 0 0 0 0 0 0 0 0 0 0 0 0 0 2258 0 169747 36286 770534 142054 538056 502836 363095 100421 0 0 0 0 0 0 0 0 0 0 0 0 872944 593048 0 880977 0 0 0 0 11858 300608 0 0 0 577652 0 95632 407423 480050 711171 908952 0 0 0 0 531979 545190 0 0 157820 487384 429672 49078 0 0 801374 787296 849102 907205 904026 58734 0 0 0 0 0 0 0 0 136839 825355 36084 0 0 0 813942 278786 0 0 0 0 0 0 0 0 0 0 0 0 0 0 0 0 733303 505377 782385 853743 0 847806 507976 820499 0 0 0 0 0 0 0 0
6 14
161056 300046 562305 434454 356518 834383 0 673295 357491 344513 468245 0 808994 0 0 0 0 0 895391 339443 56022 560628 645277 0 0 621754 130369 0 0 0 0 0 0 0 0 0 0 0 0 420417 398328 601057 842431 349497 146660 721729 0 0 0 0 0 0 0 272944 592422 0 0 0 0 0 0 0 0
3 4
670741 407291 87830 717759 0 623516 532586
9 198
690293 222920 981763 367003 315125 711547 186208 0 621617 245201 118207 0 874736 636267 962098 0 0 26050 409010 512931 661048 0 206636 0 0 836809 869036 372148 570470 0 569917 0 0 0 0 324479 0 500083 905243 0 909502 872669 753554 0 0 0 488342 0 0 0 0 273636 639214 18950 26681 791915 0 677998 0 0 0 0 171807 0 0 0 0 0 0 0 0 0 465637 0 0 0 0 472414 0 0 0 0 808905 148645 413929 637791 966249 0 0 0 0 0 0 863775 311784 0 0 0 0 0 0 0 0 958729 0 345260 696589 0 0 726554 491933 529547 913979 0 0 0 0 0 0 0 0 0 0 0 0 386930 699478 0 0 0 0 0 0 0 0 0 0 0 0 0 0 0 0 0 0 120328 725092 0 0 0 0 0 0 0 0 224707 775595 0 0 0 0 0 0 0 0 0 782894 277317 0 0 323741 162159 734465 963873 0 0 0 0 0 0 0 0 0 0 0 0 0 641211 720070 919455 929154 0 0 0 0 0 0 0 0 0 0 0 0 0 0 0 0 293668 0 0 0 302860 0 668032 357501 0 0 0 0 122530 0 706805 346916 0 350288 856473 0 0 0 0 0 0 0 0 0 0 0 0 0 0 0 0 0 0 0 0 0 0 0 0 0 121923 13401 487292 180888 0 0 0 0 0 0 0 0 0 0 0 0 0 0 0 0 0 0 0 0 0 0 0 0 0 0 0 0 0 0 0 0 0 0 0 0 588178 0 304097 201952 0 0 0 0 0 0 0 0 0 0 0 0 0 0 0 0 794612 103254 635302 159014 0 0 0 0 0 0 0 0 0 0 0 0 0 0 0 0 0 0 869019 136461 218687 427968 0 0 0 0 0 0 552941 232105 108166 0 0 0 0 0 0 0 0 0 0 0 0 0 0 0 0 0 0 0 0 0 0 0 0 0 0 0 0 0 573921 666681 0 358059 846651 325693 0 0 0 0 0 0 0 0 0 0 0 0 0 0 0 0 0 0 0 0 0 0 0 0 0 0 0 0 0 0 0 0 0 0 0 375375 0 0 0 0 0 0 604836 920585 0 0 652698 368316 846995 2831 0 0 0 0 0 0 0 0 615106 0 0 0 989051 0 0 935709 0 0 575590 674423 948073 439699 0 0 0 0 0 0 0 0 0 0 0 0 0 0 0 0 0 0 0 0 0 0 0 0 0 0 0 0 0 0 0 0 0 0 0 0 0 0 0 0 0 0 0 0 0 0 0 0 0 0 255482 0 912255 380129 858584 392182 582270 56185
4 12
148492 0 129229 0 0 0 723136 0 0 0 0 0 0 738876 595011
5 24
450114 20067 933547 231328 437921 0 0 589914 801088 73948 0 0 0 0 0 0 0 0 341982 663516 339917 0 0 0 0 0 0 0 0 0 0
5 22
258427 0 912251 0 0 239114 0 0 0 0 0 0 759212 0 0 0 0 0 0 0 0 0 0 0 0 386194 415318 0 0 0 0
4 12
950264 0 988908 0 0 0 0 0 0 0 0 0 0 0 0
3 6
402855 897911 0 0 694574 0 0
7 3
24965 565272 988860 828191 0 943740 290301 0 19534 0 0 883045 549437 821194 812289 0 0 0 776575 0 0 0 0 192964 550692 641077 0 637085 831328 694635 100648 0 0 0 0 0 0 792813 703540 0 0 0 0 0 0 0 0 190120 16506 0 374640 218962 0 0 0 220813 61850 970154 756800 308386 580462 217468 665958 0 0 0 0 0 0 0 0 0 0 0 0 0 0 133408 947538 0 0 0 0 0 0 0 0 0 0 0 0 0 0 0 0 491149 0 439978 721396 0 0 338297 200760 0 677474 0 0 0 0 0 0 583569 91884 583010 0 163263 971131 245945 170761 207856 35069 403482 91478 317030 559137 292389 430653
7 102
663875 75456 610307 0 859006 596636 0 0 0 702541 366278 62473 245236 0 0 0 0 0 0 587799 870036 249177 306516 506358 157045 301415 163738 0 0 0 0 0 0 0 0 0 0 0 0 141116 153351 624338 388339 0 750897 840918 394271 304381 442740 0 294978 341795 235418 777445 0 0 0 0 0 0 0 0 0 0 0 0 0 0 0 0 0 0 0 0 0 0 0 0 0 327249 669367 947766 897798 436139 388704 0 382027 0 0 358481 447855 672442 940665 593029 471588 434602 0 947842 0 0 0 82978 972671 410128 872890 335753 248647 0 319926 0 0 0 0 0 0 0 0 0 0 0 0 0 0 0 0 0 0
6 58
750165 207491 0 131394 0 0 0 0 349010 0 0 0 0 0 0 0 0 43090 361377 0 0 0 0 0 0 0 0 0 0 0 0 0 0 0 0 412865 0 632283 211290 0 0 0 0 0 0 0 0 0 0 0 0 0 0 0 0 0 0 0 0 0 0 0 0
9 498
621406 0 372571 0 0 109376 0 0 0 0 0 189089 257374 0 0 0 0 0 0 0 0 0 0 0 42423 409026 194112 0 0 0 0 0 0 0 0 0 0 0 0 0 0 0 0 0 0 0 0 0 0 123274 126262 904115 180747 471204 501286 0 0 0 0 0 0 0 0 0 0 0 0 0 0 0 0 0 0 0 0 0 0 0 0 0 0 0 0 0 0 0 0 0 0 0 0 0 0 0 0 0 0 0 0 981224 0 965855 440420 923038 189199 447710 0 182006 701332 657878 0 0 0 0 0 0 0 0 0 0 0 0 0 0 0 0 0 0 0 0 0 0 0 0 0 0 0 0 0 0 0 0 0 0 0 0 0 0 0 0 0 0 0 0 0 0 0 0 0 0 0 0 0 0 0 0 0 0 0 0 0 0 0 0 0 0 0 0 0 0 0 0 0 0 0 0 0 0 0 0 0 0 0 0 0 0 0 0 0 724045 959089 0 0 420968 802630 0 90893 603482 0 339166 901732 960946 841573 0 0 977512 0 0 909486 50358 0 0 0 0 0 0 0 0 0 0 0 0 0 0 0 0 0 0 0 0 0 0 0 0 0 0 0 0 0 0 0 0 0 0 0 0 0 0 0 0 0 0 0 0 0 0 0 0 0 0 0 0 0 0 0 0 0 0 0 0 0 0 0 0 0 0 0 0 0 0 0 0 0 0 0 0 0 0 0 0 0 0 0 0 0 0 0 0 0 0 0 0 0 0 0 0 0 0 0 0 0 0 0 0 0 0 0 0 0 0 0 0 0 0 0 0 0 0 0 0 0 0 0 0 0 0 0 0 0 0 0 0 0 0 0 0 0 0 0 0 0 0 0 0 0 0 0 0 0 0 0 0 0 0 0 0 0 0 0 0 0 0 0 0 0 0 0 0 0 0 0 0 0 0 0 0 0 0 0 72233 754745 237490 738488 0 0 0 0 0 0 916158 795361 0 0 0 949652 150854 293499 0 0 16510 0 165531 849150 676972 291168 66366 0 0 0 0 0 17905 641515 0 0 0 0 216730 0 421866 975578 0 0 0 0 0 0 0 0 0 0 0 0 0 0 0 0 0 0 0 0 0 0 0 0 0 0 0 0 0 0 0 0 0 0 0 0 0 0 0 0 0 0 0 0 0 0 0 0 0 0 0 0 0 0 0 0 0 0 0 0 0 0 0 0 0 0 0 0 0 0
2 2
409720 52656 0
8 167
182417 623449 491342 54614 194497 492595 0 0 0 0 324197 0 292845 0 0 0 0 0 0 0 0 725884 0 0 0 0 138120 0 0 0 0 0 0 0 0 0 0 0 0 0 0 0 0 782615 589700 0 0 0 0 0 0 0 0 420610 201639 0 0 0 0 0 0 0 0 0 0 0 0 0 0 0 0 0 0 0 0 0 0 0 0 0 0 0 0 0 0 0 0 437149 965684 348495 393969 0 0 0 0 0 0 0 0 0 0 0 0 0 0 0 0 568678 405903 388277 346827 0 0 0 0 0 0 0 0 0 0 0 0 0 0 0 0 0 0 0 0 0 0 0 0 0 0 0 0 0 0 0 0 0 0 0 0 0 0 0 0 0 0 0 0 0 0 0 0 0 0 0 0 0 0 0 0 0 0 0 0 0 0 0 0 239941 479634 0 0 475659 825398 589240 0 0 0 0 0 0 0 0 0 0 0 0 0 0 0 0 0 0 0 0 0 0 0 0 0 0 0 0 0 0 0 0 0 0 0 0 0 570348 0 149921 690192 0 0 0 0 0 0 0 0 0 0 0 0 0 0 0 0 0 0 0 0 0 0 0 0 0 0 0 0 0 0 0 0
8 239
830550 856338 870027 763723 248115 169996 534498 525325 726647 0 0 0 778338 240334 358669 95957 157385 276453 631724 0 0 0 0 0 0 0 388931 635674 0 693674 0 982301 76862 130289 614476 334298 619232 0 634637 0 0 0 0 0 0 0 0 0 0 0 0 0 0 309166 27310 761024 663370 0 0 850096 392066 0 0 401373 384138 750320 0 980727 685668 164701 434123 34429 759687 0 357275 0 0 0 912422 0 0 0 0 0 0 0 0 0 0 0 0 0 0 0 0 0 0 0 0 0 0 0 0 0 0 0 0 226052 212431 83146 224141 940944 365949 602657 46073 0 0 0 0 464349 0 66533 384356 0 0 0 0 0 932965 0 864032 808592 0 0 0 72956 0 0 923981 187172 323296 226012 233269 897460 200965 469220 891632 0 0 0 804629 0 0 0 0 0 0 74490 0 0 0 0 0 0 0 0 0 0 0 0 0 0 0 0 0 0 0 0 0 0 0 0 0 0 0 0 0 0 0 0 0 0 0 0 0 0 0 0 0 0 0 0 0 0 0 0 0 0 0 0 0 0 0 0 0 432760 59471 416006 0 71953 998034 911899 564536 124091 0 616156 0 173293 342855 58950 248230 0 0 0 0 0 0 0 0 579915 281346 0 0 20554 323355 385157 729004 0 0 0 0 0 0 0 0
2 1
996280 859092 0
2 1
462086 8120 0
9 501
586559 908881 138394 545206 381027 602005 0 66762 476899 652682 0 0 873424 0 0 0 464498 321127 857828 814999 0 0 0 0 0 716711 629488 0 0 0 0 0 0 645115 0 0 463576 142386 0 757108 816246 0 0 0 0 0 0 0 0 0 0 0 662999 671119 568601 0 0 0 0 0 0 0 0 0 0 0 0 565578 85660 0 0 0 0 926732 33544 699049 881423 0 0 220002 68410 69734 83206 0 0 0 0 0 0 0 0 0 0 0 0 0 0 0 0 0 0 0 0 0 0 491721 893621 835190 458097 0 509975 0 0 0 0 0 0 0 0 0 0 0 0 0 0 0 0 0 0 0 0 0 0 0 0 758668 0 0 362169 0 0 0 0 0 0 0 0 290717 0 78534 544698 283291 0 157448 776023 0 0 0 0 799802 195297 0 819692 325748 931464 937273 0 0 0 0 0 0 0 0 0 0 0 0 0 0 0 0 0 0 0 0 0 0 0 0 0 0 0 0 0 0 0 0 0 0 0 0 0 0 0 0 0 0 0 0 0 813465 217649 183184 1367 973586 263194 81792 584377 0 0 851371 316132 0 0 0 0 0 0 0 0 0 0 0 0 0 0 0 0 0 0 0 0 0 0 0 0 0 0 0 0 0 0 0 0 0 0 0 0 0 0 0 0 0 0 0 0 0 0 0 0 0 0 0 0 0 0 785239 0 0 0 0 0 0 0 0 0 0 0 0 0 0 0 0 0 916778 301853 0 0 870852 473080 153372 0 0 316829 0 0 547082 0 914862 437574 0 0 0 0 0 0 0 0 134776 0 486480 390562 0 0 785842 749990 0 676441 128755 965727 0 793139 0 0 0 0 0 0 0 0 0 0 0 0 0 0 0 0 0 0 0 0 0 0 0 0 0 0 0 0 0 0 0 0 0 0 0 0 0 0 0 0 0 0 0 0 0 0 0 0 0 0 0 0 0 0 0 0 0 0 0 0 0 0 0 0 0 0 0 0 0 0 0 0 0 0 0 0 0 0 0 0 0 0 0 0 0 0 0 0 0 0 346466 0 0 904627 49481 0 630816 583416 996968 730453 650748 141274 906275 0 213838 893083 0 0 0 0 582864 0 695925 715655 0 0 0 0 0 0 0 0 0 0 0 0 0 0 0 0 0 0 0 0 0 0 0 0 0 0 0 0 0 0 0 0 0 0 0 0 0 0 0 0 0 0 0 0 0 0 0 0 0 0 0 0 0 0 0 0 0 0 0 0 0 0 0 0
10 1005
527615 650324 774553 67887 0 392369 0 205275 471924 0 0 581555 0 0 0 123561 607094 335921 892890 0 0 0 0 692845 0 0 0 0 0 0 0 670407 523878 752272 0 17667 0 816398 0 0 0 0 0 0 0 0 0 975410 0 0 0 0 0 0 0 0 0 0 0 0 0 0 0 0 489707 0 576638 964204 464629 0 0 752882 284949 0 0 198754 897997 0 0 0 0 0 0 0 0 0 0 0 0 0 0 0 0 0 0 959560 395223 0 0 0 0 0 0 0 0 0 0 0 0 0 0 0 0 0 0 0 0 0 0 0 0 0 0 0 0 0 0 0 0 0 137173 0 0 860864 765670 0 273233 697777 0 0 0 0 0 0 364083 0 342606 0 0 0 0 544821 836806 273623 301320 0 0 0 0 0 0 0 0 0 0 0 0 0 0 0 0 0 0 0 0 0 0 0 0 0 0 0 0 0 0 0 0 0 0 0 0 787577 461451 694597 745721 0 0 0 0 0 0 0 0 0 0 0 0 0 0 0 0 0 0 0 0 0 0 0 0 0 0 0 0 0 0 0 0 0 0 0 0 0 0 0 0 0 0 0 0 0 0 0 0 0 0 0 0 0 0 0 0 0 0 0 0 0 0 0 0 0 0 16231 0 0 0 0 0 0 0 222009 785903 0 0 953693 808202 895030 609326 0 0 0 0 0 0 0 0 0 0 0 0 50122 749632 0 0 772227 82130 0 0 0 0 0 0 0 0 55863 435811 173647 545224 6195 34005 905924 986639 0 0 0 0 0 0 0 0 0 0 0 0 0 0 0 0 0 0 0 0 0 0 0 0 0 0 0 0 0 0 0 0 0 0 0 0 0 0 0 0 0 0 0 0 0 0 0 0 0 0 0 0 0 0 0 0 0 0 0 0 0 0 0 0 0 0 0 0 0 0 0 0 0 0 887199 755893 0 0 645341 72081 0 0 0 0 0 0 0 0 0 0 0 0 0 0 0 0 0 0 0 0 0 0 0 0 0 0 0 0 0 0 0 0 0 0 0 0 0 0 0 0 0 0 0 0 0 0 0 0 0 0 0 0 0 0 0 0 0 0 0 0 0 0 0 0 0 0 0 0 0 0 0 0 0 0 0 0 0 0 0 0 0 0 0 0 0 0 0 0 0 0 0 0 0 0 0 0 0 0 0 0 0 0 0 0 0 0 0 0 0 0 0 0 0 0 0 0 0 0 0 0 0 0 0 0 0 0 0 0 0 0 0 0 3875 768084 0 0 0 0 0 0 0 0 0 0 0 0 0 0 201146 0 974951 678872 0 0 0 0 98239 106078 0 71920 0 0 0 916383 0 0 0 0 0 0 0 0 0 0 0 0 0 0 0 0 0 0 0 0 0 0 0 0 655824 0 92561 455216 0 0 0 0 0 0 659791 557255 0 0 0 0 0 0 0 0 0 0 0 0 0 0 0 0 219217 0 0 0 254218 972141 0 451391 0 0 14449 636270 587524 692154 92493 45943 0 0 0 0 0 0 0 0 0 0 0 0 0 0 0 0 0 0 0 0 0 0 0 0 0 0 0 0 0 0 0 0 0 0 0 0 0 0 0 0 0 0 0 0 0 0 0 0 0 0 0 0 0 0 0 0 0 0 0 0 0 0 0 0 0 0 0 0 0 0 0 0 0 0 0 0 0 0 0 0 0 0 0 0 0 0 0 0 0 0 0 0 0 0 0 0 0 0 0 0 0 0 0 0 0 0 0 0 0 0 0 0 0 0 0 0 0 0 0 0 0 0 0 0 0 0 0 0 0 0 0 0 0 0 0 0 0 0 0 0 0 0 0 0 0 0 0 0 179438 88414 0 379948 0 0 0 0 549975 642584 976445 0 0 0 0 0 0 0 0 0 0 0 0 0 0 0 0 0 0 0 0 0 0 0 0 0 0 0 0 0 0 0 0 0 0 0 0 0 0 0 0 0 0 0 0 0 0 0 0 0 0 0 0 0 0 0 0 0 0 0 0 0 0 0 0 0 0 0 0 0 0 0 0 0 0 0 0 0 0 0 0 0 0 0 0 0 0 0 0 0 0 0 0 0 0 0 0 0 0 0 0 0 0 0 0 0 0 0 0 0 0 0 0 0 0 0 0 0 0 0 0 0 0 0 0 0 0 0 0 0 0 0 0 0 0 0 0 0 0 0 0 0 0 0 0 0 0 0 0 0 0 0 0 0 0 0 0 0 0 0 0 0 0 0 0 0 0 0 0 0 0 0 0 0 0 0 0 0 0 0 0 0 0 0 0 0 0 0 0 0 0 0 0 0 0 0 0 0 0 0 0 0 0 0 0 0 0 0 0 0 0 0 0 0 0 0 0 0 0 0 0 0 0 0 0 0 0 0 0 0 0 0 0 0 0 0 0 0 0 0 0 0
1 0
171367
1 1
320053
8 238
241247 896810 165855 701634 0 263503 796721 673182 120983 0 0 131864 167045 406397 905164 0 0 629623 585208 0 0 0 0 703026 0 0 505434 0 743000 501877 940263 0 0 0 0 691910 667718 520155 318533 0 0 0 0 0 0 0 0 477467 689909 0 0 0 0 355859 896814 0 0 663799 784181 78281 0 350687 470362 0 0 0 0 0 0 0 0 36536 0 688239 39242 0 0 0 844545 0 0 0 0 0 0 0 0 0 0 0 0 0 0 0 0 904743 959700 295573 406546 0 0 0 0 0 0 0 0 0 0 782608 967560 0 0 0 0 855306 727083 393804 130206 137059 706355 0 0 223369 0 17663 123392 0 0 0 0 0 0 0 0 0 0 0 0 0 0 0 0 93235 78806 0 0 461059 250569 292562 903214 0 0 0 0 0 0 8516 415737 0 0 0 0 0 0 0 0 0 0 0 0 0 0 0 0 0 0 0 0 0 0 0 0 0 0 0 0 0 0 0 0 966034 225589 785907 0 222276 0 738339 368600 0 0 0 0 0 0 0 0 0 0 0 0 0 0 0 0 0 0 0 0 409599 70239 641708 671102 0 0 0 0 0 0 0 0 535844 125250 256987 0 0 857383 75214 938742 0 205214 0 310594 0 0 0 0 0 0 0 0 0 428009 0 0
5 24
885935 375389 919183 0 394402 159950 140827 0 0 165911 16121 0 0 459493 149075 0 0 0 0 312265 0 424385 173041 0 0 0 0 775913 705095 761667 0
2 0
87440 0 363730
5 26
616897 404634 0 655921 502100 0 0 0 82265 0 339417 0 0 0 0 0 0 187041 0 0 0 465700 759514 0 0 0 0 0 0 0 0
9 71
904588 162928 0 0 0 0 0 0 0 0 0 0 0 0 0 0 0 0 0 0 0 0 0 0 0 0 0 0 0 0 0 0 0 0 0 0 0 0 0 0 0 0 0 0 0 0 0 0 0 0 0 0 0 0 0 0 0 0 0 0 0 0 0 0 0 0 0 0 0 0 0 0 0 0 0 0 0 0 0 0 0 0 0 0 0 0 0 0 0 0 0 0 0 0 0 0 0 0 0 0 0 0 0 0 0 0 0 0 0 0 0 0 0 0 0 0 0 0 0 0 0 0 0 0 0 0 0 0 0 0 0 0 0 0 0 0 0 0 0 0 0 0 0 0 0 0 0 0 0 0 0 0 0 0 0 0 0 0 0 0 0 0 0 0 0 0 0 0 0 0 0 0 0 0 0 0 0 0 0 0 0 0 0 0 0 0 0 0 0 0 0 0 0 0 0 0 0 0 0 0 0 0 0 0 0 0 0 0 0 0 0 0 0 0 0 0 0 0 0 0 0 0 0 0 0 0 0 0 0 0 0 0 0 0 0 0 0 0 0 0 0 0 0 0 0 0 0 0 0 0 0 0 0 0 0 0 0 0 0 0 0 0 0 0 0 0 0 0 0 0 0 0 0 0 0 0 0 0 0 0 0 0 0 0 0 0 0 0 0 0 0 0 0 0 0 0 0 0 0 0 0 0 0 0 0 0 0 0 0 0 0 0 0 0 0 0 0 0 0 0 0 0 0 0 0 0 0 0 0 0 0 0 0 0 0 0 0 0 0 0 0 0 0 0 0 0 0 0 0 0 0 0 0 0 0 0 0 0 0 0 0 0 0 0 0 0 0 0 0 0 0 0 0 0 0 0 0 0 0 0 0 0 0 0 0 0 0 0 0 0 0 0 0 0 0 0 0 0 0 0 0 0 0 0 0 0 0 0 0 0 0 0 0 0 0 0 0 0 0 0 0 0 0 0 0 0 0 0 0 0 0 0 0 0 0 0 0 0 0 0 0 0 0 0 0 0 0 0 0 0 0 0 0 0 0 0 0 0 0 0 0 0 0 0 0 0 0 0 0 0 0 0 0 0 0 0 0 0 0 0 0 0 0 0 0 0 0 0 0 0 0 0 0 0 0 0 0 0 0 0 0 0 0 0 0 0 0 0 0 0 0
10 1021
504725 0 0 0 0 0 0 0 0 0 0 0 0 0 0 0 0 0 0 0 0 0 0 0 0 0 0 0 0 0 0 0 0 0 0 0 0 0 0 0 0 0 0 0 0 0 0 0 0 0 0 0 0 0 0 0 0 0 0 0 0 0 0 0 0 0 0 0 0 0 0 0 0 0 0 0 0 0 0 0 0 0 0 0 0 0 0 0 0 0 0 0 0 0 0 0 0 0 0 0 0 0 0 0 0 0 0 0 0 0 0 0 0 0 0 0 0 0 0 0 0 0 0 0 0 0 0 0 0 0 0 0 0 0 0 0 0 0 0 0 0 0 0 0 0 0 0 0 0 0 0 0 0 0 0 0 0 0 0 0 0 0 0 0 0 0 0 0 0 0 0 0 0 0 0 0 0 0 0 0 0 0 0 0 0 0 0 0 0 0 0 0 0 0 0 0 0 0 0 0 0 0 0 0 0 0 0 0 0 0 0 0 0 0 0 0 0 0 0 0 0 0 0 0 0 0 0 0 0 0 0 0 0 0 0 0 0 0 0 0 0 0 0 0 0 0 0 0 0 0 0 0 0 0 0 0 0 0 0 0 0 0 0 0 0 0 0 0 0 0 0 0 0 0 0 0 0 0 0 0 0 0 0 0 0 0 0 0 0 0 0 0 0 0 0 0 0 0 0 0 0 0 0 0 0 0 0 0 0 0 0 0 0 0 0 0 0 0 0 0 0 0 0 0 0 0 0 0 0 0 0 0 0 0 0 0 0 0 0 0 0 0 0 0 0 0 0 0 0 0 0 0 0 0 0 0 0 0 0 0 0 0 0 0 0 0 0 0 0 0 0 0 0 0 0 0 0 0 0 0 0 0 0 0 0 0 0 0 0 0 0 0 0 0 0 0 0 0 0 0 0 0 0 0 0 0 0 0 0 0 0 0 0 0 0 0 0 0 0 0 0 0 0 0 0 0 0 0 0 0 0 0 0 0 0 0 0 0 0 0 0 0 0 0 0 0 0 0 0 0 0 0 0 0 0 0 0 0 0 0 0 0 0 0 0 0 0 0 0 0 0 0 0 0 0 0 0 0 0 0 0 0 0 0 0 0 0 0 0 0 0 0 0 0 0 0 0 0 0 0 0 0 0 0 0 0 0 0 0 0 0 0 0 0 0 0 0 0 0 0 0 0 0 0 0 0 0 0 0 0 0 0 0 0 0 0 0 0 0 0 0 0 0 0 0 0 0 0 0 0 0 0 0 0 0 0 0 0 0 0 0 0 0 0 0 0 0 0 0 0 0 0 0 0 0 0 0 0 0 0 0 0 0 0 0 0 0 0 0 0 0 0 0 0 0 0 0 0 0 0 0 0 0 0 0 0 0 0 0 0 0 0 0 0 0 0 0 0 0 0 0 0 0 0 0 0 0 0 0 0 0 0 0 0 0 0 0 0 0 0 0 0 0 0 0 0 0 0 0 0 0 0 0 0 0 0 0 0 0 0 0 0 0 0 0 0 0 0 0 0 0 0 0 0 0 0 0 0 0 0 0 0 0 0 0 0 0 0 0 0 0 0 0 0 0 0 0 0 0 0 0 0 0 0 0 0 0 0 0 0 0 0 0 0 0 0 0 0 0 0 0 0 0 0 0 0 0 0 0 0 0 0 0 0 0 0 0 0 0 0 0 0 0 0 0 0 0 0 0 0 0 0 0 0 0 0 0 0 0 0 0 0 0 0 0 0 0 0 0 0 0 0 0 0 0 0 0 0 0 0 0 0 0 0 0 0 0 0 0 0 0 0 0 0 0 0 0 0 0 0 0 0 0 0 0 0 0 0 0 0 0 0 0 0 0 0 0 0 0 0 0 0 0 0 0 0 0 0 0 0 0 0 0 0 0 0 0 0 0 0 0 0 0 0 0 0 0 0 0 0 0 0 0 0 0 0 0 0 0 0 0 0 0 0 0 0 0 0 0 0 0 0 0 0 0 0 0 0 0 0 0 0 0 0 0 0 0 0 0 0 0 0 0 0 0 0 0 0 0 0 0 0 0 0 0 0 0 0 0 0 0 0 0 0 0 0 0 0 0 0 0 0 0 0 0 0 0 0 0 0 0 0 0 0 0 0 0 0 0 0 0 0 0 0 0 0 0 0 0 0 0 0 0 0 0 0 0 0 0 0 0 0 0 0 0 0 0 0 0 0 0 0 0 0 0 0 0 0 0 0 0 0 0 0 0 0 0 0 0 0 0 0 0 0 0 0 0 0 0 0 0 0 0 0 0 0 0 0 0 0 0 0 0 0 0 0 0 0 0 0 0 0 0
7 67
296395 945225 833675 164338 420454 61080 268734 0 0 137990 0 153110 0 0 803599 0 0 0 0 432497 570312 0 0 0 0 0 0 0 0 0 42775 0 0 0 0 0 0 0 0 0 0 681073 464817 0 0 0 0 0 0 0 0 0 0 0 0 0 0 0 0 0 0 0 468683 0 0 0 0 0 0 0 0 0 0 0 0 0 0 0 0 0 0 0 0 300670 0 819044 378526 0 0 0 0 0 0 0 0 0 0 0 0 0 0 0 0 0 0 0 0 0 0 0 0 0 0 0 0 0 0 0 0 0 0 0 0 0 0 98151 0
2 1
695669 773541 837067
7 113
430588 80806 856268 0 416237 525608 150730 0 0 712979 308195 95164 896083 894331 620812 0 0 0 0 865801 524055 0 0 973315 100465 927962 228411 0 909209 173400 195764 0 0 0 0 0 0 0 0 0 0 0 640184 0 0 0 0 444180 595636 412599 604211 742421 0 261621 296509 0 0 0 814875 704451 299896 122914 899276 0 0 0 0 0 0 0 0 0 0 0 0 0 0 0 0 0 0 0 0 0 0 256075 596162 0 0 0 0 0 0 0 0 0 452837 926601 553501 508915 736969 0 0 452555 786187 0 0 0 605013 0 602934 0 0 0 0 0 0 264483 812266 0 311212 41993 851228 609076 0 774518 0
6 56
438666 43655 0 0 499554 0 0 0 0 336506 12890 0 0 0 0 0 0 0 0 580130 933362 0 635189 0 0 0 0 0 0 0 0 0 0 0 0 0 0 0 0 0 826058 377940 34895 0 0 463962 583220 0 0 0 0 0 0 0 0 0 0 0 0 0 0 0 0
2 1
853502 851915 812557
5 10
515741 267721 952386 0 83238 502220 416097 0 0 0 0 0 563019 718617 101412 0 0 0 0 0 0 0 0 0 0 0 0 465854 31087 663326 119186
8 72
665360 577283 403856 463080 0 406669 564531 801748 424148 0 0 998051 340955 946525 554603 0 483342 987672 38191 0 0 0 0 276001 491700 157509 360188 356479 0 0 367058 0 0 341083 756096 963874 533957 0 713494 0 0 0 0 0 0 0 0 832804 0 0 0 0 72494 936899 646593 527952 158583 0 0 0 0 460448 387137 0 0 0 0 666257 794241 64447 0 428340 677452 487792 493655 0 0 787951 903445 0 0 0 0 0 0 0 0 0 0 0 0 0 0 0 0 204610 427722 0 0 0 0 0 0 0 0 419841 392914 0 0 372436 867947 354624 461211 500994 591442 0 0 0 0 0 0 0 0 0 268856 599941 395039 0 0 0 0 0 0 0 0 166413 577167 0 185134 388638 686002 0 0 706137 0 118234 0 0 115549 0 0 0 0 0 0 163855 683030 0 161607 0 0 0 0 0 0 0 0 0 0 0 0 0 0 0 0 0 0 0 0 0 0 0 0 0 0 0 0 0 0 0 0 976929 541337 368979 60264 0 0 0 0 0 0 0 0 0 0 0 0 0 0 0 0 0 0 166686 640912 0 0 0 0 0 688148 832728 0 0 804544 536918 483563 298747 853491 0 769298 0 0 0 0 0 0 0 0 0 0 0 0 0 0 0 0 0 0 231764 0 952828 340942 0 599559
5 14
725421 391532 629756 524728 160928 915135 470849 537374 837309 463683 0 872876 723919 838306 0 4140 0 530270 393422 0 385950 0 0 0 837685 776546 659527 529982 551755 0 0
6 38
637289 476711 0 827152 0 0 0 438111 867971 0 0 0 0 0 0 0 622993 0 586904 0 0 0 0 0 0 0 0 0 0 0 0 0 0 348743 86412 0 0 889513 0 0 0 0 0 0 0 0 0 0 0 0 0 0 0 0 0 0 0 0 0 0 0 0 0
5 24
993068 630788 994813 608448 797895 183980 958628 738453 254096 674264 292555 848569 367559 0 0 494448 391930 776490 679265 213242 582296 0 166040 950146 559578 402388 0 0 0 0 0
8 195
825360 410439 286906 172593 85216 58807 900912 983133 814540 0 0 772581 121620 696748 403524 504153 618501 340375 446413 0 0 0 0 610683 554642 588917 0 131562 60966 516888 0 882898 341155 344596 0 0 1334 174143 0 0 0 0 0 0 0 0 0 0 854347 526753 378241 391047 552181 0 0 757415 181519 530581 0 446319 119928 0 0 623852 111424 322895 291387 237866 0 0 0 0 0 0 0 63255 0 0 0 0 0 0 0 0 0 0 0 0 0 0 0 0 0 0 0 0 0 260091 0 278606 331970 74398 315789 0 621324 239891 236925 0 0 0 0 479379 526260 0 391806 0 612037 0 0 525439 45167 0 180231 0 0 0 0 485050 293675 597175 0 980882 163990 751282 573691 898065 891400 0 0 0 0 0 0 0 0 0 0 0 0 0 0 529803 0 0 0 0 0 0 0 0 0 0 0 0 0 0 0 0 0 0 0 0 0 0 0 0 0 0 0 0 0 0 0 0 0 0 0 0 0 0 0 0 0 0 0 228535 153563 0 0 878491 868237 240403 443817 337142 0 0 302673 0 0 0 0 260791 809682 0 0 0 0 0 0 0 0 0 0 768400 549114 0 0 0 0 260558 634794 0 0 357021 134413 0 0 0 0 441680 0 0 703447 0 0 947249 0 0 0 0 0 0 0 0 0
10 1006
15565 339614 0 599106 38609 0 0 750654 638393 0 950108 0 0 0 0 0 0 908801 77249 0 0 368835 805652 0 0 0 0 0 0 0 0 0 0 0 0 526863 0 0 62928 0 0 0 0 231789 682944 549977 0 0 0 0 0 0 0 0 0 0 0 0 0 0 0 0 0 0 0 0 0 0 0 0 0 649557 627972 0 0 0 0 9925 837273 0 0 0 0 0 0 0 0 182322 808069 534564 911969 296231 823861 0 0 0 0 0 0 0 0 0 0 0 0 0 0 0 0 0 0 0 0 0 0 0 0 0 0 0 0 0 0 0 0 0 0 0 0 0 0 0 0 0 0 0 0 0 0 0 0 0 0 372675 601355 846493 0 0 0 0 0 0 0 0 0 300130 708746 66371 0 0 0 0 0 0 0 0 0 0 0 0 0 0 0 0 0 233912 326407 267003 185492 355014 183869 122258 505554 563594 663854 898265 568848 0 0 0 0 0 0 0 0 0 0 0 0 0 0 0 0 0 0 0 0 0 0 0 0 0 0 0 0 0 0 0 0 0 0 0 0 0 0 0 0 0 0 0 0 0 0 0 0 0 0 0 0 0 0 0 0 0 0 0 0 0 0 0 0 0 0 0 0 0 0 0 0 0 0 0 0 0 0 0 0 0 0 0 0 0 0 0 0 0 0 0 0 0 0 0 0 0 0 0 0 200868 632148 764865 555862 848768 273614 0 0 0 0 0 0 0 0 0 0 0 0 0 0 0 0 0 0 917882 708159 499662 53100 393395 0 0 0 0 0 0 0 0 0 0 0 0 0 0 0 0 0 0 0 0 0 0 0 0 0 0 0 0 0 0 0 0 0 0 0 0 516 881381 0 2852 637530 620099 961783 810680 653771 88340 517123 776965 999925 702093 650426 0 491232 313011 294268 0 0 334274 677927 0 0 0 0 0 0 0 0 0 0 0 0 0 0 0 0 0 0 0 0 0 0 0 0 0 0 0 0 0 0 0 0 0 0 0 0 0 0 0 0 0 0 0 0 0 0 0 0 0 0 0 0 0 0 0 0 0 0 0 0 0 0 0 0 0 0 0 0 0 0 0 0 0 0 0 0 0 0 0 0 0 0 0 0 0 0 0 0 0 0 0 0 0 0 0 0 0 0 0 0 0 0 0 0 0 0 0 0 0 0 0 0 0 0 0 0 0 0 0 0 0 0 0 0 0 0 0 0 0 0 0 0 0 0 0 0 0 0 0 0 0 0 0 0 0 0 0 0 0 0 0 0 0 0 0 0 0 0 0 0 0 0 0 0 0 0 0 0 0 0 0 0 0 0 0 0 0 0 0 0 0 0 0 0 0 0 0 0 0 0 0 0 0 0 0 0 0 0 0 0 337728 801353 593866 0 180813 57390 0 952730 381706 597698 0 398148 0 0 0 0 0 0 0 0 0 0 0 0 0 0 0 0 0 0 0 0 0 0 0 0 0 0 0 0 0 0 0 0 0 0 0 0 266937 612759 705035 220102 303128 643396 519948 127959 680561 273675 0 0 0 0 0 0 0 0 0 0 0 0 0 0 0 0 0 0 0 0 0 0 0 0 0 0 0 0 0 0 0 0 0 0 0 0 0 0 0 0 0 0 0 0 0 0 0 0 0 0 0 0 0 0 0 0 0 0 0 0 0 0 0 0 0 0 0 0 0 0 0 0 306855 670442 808479 139826 0 0 0 48324 981806 0 0 2521 0 0 522464 273466 0 0 891618 996128 0 406141 970982 106749 0 362002 0 609343 247448 805263 0 0 608235 458244 0 85108 340909 0 0 0 0 0 508090 473482 314614 1984 0 0 0 0 0 0 0 0 0 0 0 0 0 0 0 0 0 0 0 0 0 0 0 0 0 0 0 0 0 0 0 0 0 0 0 0 0 0 0 0 0 0 0 0 0 0 0 0 0 0 0 0 0 0 0 0 0 0 0 0 0 0 0 0 0 0 0 0 0 0 0 0 0 0 0 0 0 0 0 0 0 0 0 0 0 0 0 0 0 0 0 0 0 0 0 0 0 0 0 0 0 0 0 0 0 0 0 0 0 0 0 0 0 0 0 0 0 0 0 0 0 0 0 0 0 0 0 0 0 0 0 0 0 0 0 0 0 0 0 0 0 0 0 0 0 0 0 0 0 0 0 0 0 0 0 0 0 0 0 0 0 0 0 0 0 0 0 0 0 0 0 0 0 0 0 0 0 0 0 0 0 0 0 0 0 0 0 0 0 0 0 0 0 0 0 0 0 0 0 0 0 0 0 0 0 0 0 0 0 0 0 0 0 0 0 0 0 0 0 0 0 0 0 0 0 0 0 0 0 0 0 0 0 0 0 0 0 0 0 0 0 0 0 0 0 0 0 0 0 0 0 0 0 0 0 0 0 0 0 0 0 0 0 0 0 0 0 0 0 0 0 0
8 245
829228 114254 0 0 481291 0 0 0 0 360237 56048 0 0 0 0 0 0 0 0 178785 0 734897 0 0 0 0 0 0 0 0 0 0 0 0 0 0 0 0 0 0 667306 0 0 803739 743491 0 0 0 0 0 0 0 0 0 0 0 0 0 0 0 0 0 0 0 0 0 0 0 0 0 0 0 0 0 0 0 0 0 0 0 0 107780 288620 0 0 0 0 34303 726829 194983 432121 0 0 0 0 0 0 0 0 0 0 0 0 0 0 0 0 0 0 0 0 0 0 0 0 0 0 0 0 0 0 0 0 0 0 0 0 0 0 0 0 0 0 0 0 0 0 0 0 0 0 0 0 0 0 0 0 0 0 0 0 0 0 0 0 0 0 0 0 0 0 0 0 80779 0 0 574410 0 0 0 0 0 0 0 0 730409 0 345611 717726 0 169525 511623 306583 0 0 0 0 0 0 0 0 0 0 0 0 0 0 0 0 0 0 0 0 0 0 0 0 0 0 0 0 0 0 0 0 0 0 0 0 0 0 0 0 0 0 0 0 0 0 0 0 0 0 0 0 0 0 0 0 0 0 0 0 0 0 0 0 0 0 0 0 0 0 0 0
5 25
560715 0 0 0 0 0 0 0 0 0 0 0 0 0 0 0 0 0 0 0 0 0 0 0 0 0 0 0 0 0 0
9 190
304604 384298 437387 580006 281314 733511 634771 232201 762922 281321 325767 351561 543047 0 230012 45759 0 1244 414522 297436 1702 0 594799 269263 904294 362287 726226 0 0 85450 681353 0 90965 0 0 4650 0 0 0 0 246619 217164 226684 0 0 609896 952566 503573 807828 358554 333790 283147 811146 897123 699703 0 0 0 0 47895 974472 212415 986148 0 0 0 0 0 0 0 0 0 0 0 0 0 0 0 0 0 0 0 292070 0 0 0 951392 0 0 0 0 457403 628960 0 0 110840 739992 484711 0 793358 749996 330444 660118 305669 0 651179 0 0 302196 0 350966 0 0 0 0 0 0 0 0 590275 367007 0 270193 0 0 691227 484581 0 0 0 0 0 0 0 0 0 0 0 0 0 0 0 0 0 0 0 0 0 0 0 0 0 0 0 0 0 0 0 0 0 0 0 0 0 0 884267 144201 0 0 0 0 0 0 740973 193812 0 0 0 0 0 0 0 0 294795 522737 500363 0 0 0 0 0 441585 839567 36074 41086 665909 0 0 0 0 619623 823865 18521 782235 237697 491661 291396 211727 280358 0 0 407534 0 0 0 0 0 23065 898050 0 0 519393 0 0 0 0 0 0 0 0 0 0 0 0 0 0 0 0 0 510559 559118 170395 0 0 0 0 428607 0 0 0 0 284310 157169 642956 0 0 0 0 0 0 0 0 0 0 0 0 0 0 0 0 0 0 0 0 0 0 0 0 0 0 0 0 0 0 0 0 0 0 0 0 0 0 0 0 0 0 0 0 0 0 0 0 0 0 0 0 0 0 0 0 0 0 0 0 0 0 0 0 0 0 0 0 0 0 0 0 0 0 0 0 0 0 626882 410725 0 0 0 0 0 0 0 0 0 0 0 0 0 842635 647739 0 569171 0 0 0 0 0 0 0 0 0 0 0 0 0 0 0 0 0 410856 449103 808868 0 0 0 0 0 0 0 0 0 0 0 0 288484 0 424506 953987 0 923365 0 412661 852938 186021 0 0 0 0 0 0 0 0 831765 465281 579945 0 5823 0 13625 659519 0 19339 662339 731831 455593 369949 717522 889620 524184 330567 0 0 0 0 915603 0 0 0 0 0 0 0 0 0 0 0 64173 0 104241 786285 0 0 0 0 0 963125 0 0 0 0 0 0 0 0 0 0 0 0 0 0 0 0 0 0 0 0 0 0 0 0 0 0 0 0 0 0 0 0 0 0 294333 172964 0 0 128990 254628 0 0 0 0 0 0 0 0 261752 344714 0 0 0 0 0 0 0 0 714539 572269 301118 858312 555378 980163 0 0
7 7
431378 994697 502883 23066 344312 741661 35243 0 0 399459 392550 774883 76129 497365 0 0 0 0 0 630545 219084 539036 345862 368616 389696 499504 171420 395543 131742 0 0 0 0 0 0 0 0 0 0 0 925159 789719 511510 10890 27069 435217 886933 906297 998171 85431 373987 640231 554727 127631 845438 0 0 0 590161 0 0 0 0 0 0 0 0 0 0 0 0 0 0 0 0 0 0 0 0 0 0 136686 742174 0 47649 0 19284 0 38213 214737 129294 336236 0 721854 135071 332030 338410 873793 861676 221932 0 0 0 570345 169818 122993 0 391189 519065 0 247419 0 0 0 0 0 0 0 74766 0 0 0 0 0 0 0 0
4 5
774223 103965 8800 400043 284131 430979 774889 445728 6086 0 325288 0 603129 727153 0
4 10
540727 681781 928520 220486 0 650509 0 683200 435283 0 0 939328 7826 0 0
1 1
162586
2 0
287741 0 845128
8 136
243321 444285 427719 285532 815904 716069 931349 662618 173584 0 251548 0 0 0 719797 0 0 464723 921369 0 0 0 782333 0 0 0 0 0 0 0 952552 0 0 0 0 0 454340 661354 0 0 0 0 0 0 0 865454 253143 0 0 0 0 0 0 0 0 0 0 0 0 0 0 589508 715977 0 0 0 0 0 0 0 0 0 0 876708 307381 979441 0 0 0 0 0 0 0 0 0 0 0 0 0 0 0 460420 394446 367542 880204 0 0 0 0 0 0 0 0 0 0 0 0 0 0 0 0 0 0 0 0 0 0 0 0 0 0 0 0 0 0 935169 832861 0 0 0 0 0 0 0 0 0 0 0 0 0 0 0 0 0 0 0 0 147647 465428 245854 389216 555522 161951 0 0 0 0 0 0 0 0 0 0 0 0 0 0 0 0 0 0 0 0 0 0 0 0 0 0 0 0 0 0 949978 867958 498877 0 344891 0 227049 297661 0 0 0 0 0 0 0 0 0 0 0 0 0 0 0 0 0 0 0 0 0 0 0 0 0 0 0 0 0 0 0 0 0 0 0 0 0 0 0 0 0 0 0 0 0 0 0 0 0 0 0 0 0 0 0 0 0 0 0 0 197838 0 171402 0
3 0
460641 608341 0 54681 60111 0 0
1 0
772886
10 745
692833 390280 0 624733 638628 0 0 819954 902319 838976 0 0 0 0 0 4523 0 219124 472684 500348 0 0 0 0 0 0 0 0 0 0 0 0 607928 0 0 130687 0 982674 0 0 147108 0 0 0 0 0 0 0 0 0 0 0 0 0 0 0 0 0 0 0 0 0 0 0 0 654221 0 0 0 0 0 741323 746691 0 0 907606 305620 0 0 0 0 155101 445245 0 0 0 0 0 0 0 0 0 0 0 0 0 0 0 0 0 0 0 0 0 0 0 0 0 0 0 0 0 0 0 0 0 0 0 0 0 0 0 0 0 0 0 0 0 0 0 0 0 404345 0 0 0 0 0 0 0 0 0 0 727473 111155 981400 577928 0 0 0 0 33498 707202 0 0 0 0 0 0 0 0 0 0 581067 558183 0 671861 0 0 0 0 0 0 0 0 0 0 0 0 0 0 0 0 0 0 0 0 0 0 0 0 0 0 0 0 0 0 0 0 0 0 0 0 0 0 0 0 0 0 0 0 0 0 0 0 0 0 0 0 0 0 0 0 0 0 0 0 0 0 0 0 0 0 0 0 0 0 0 0 0 0 0 0 0 0 0 0 0 0 0 0 0 0 0 0 0 0 0 0 0 0 0 0 0 0 88247 15609 0 0 0 0 0 0 0 0 0 0 0 0 0 0 0 0 0 0 0 0 594635 710079 823769 18202 129093 0 777828 208529 0 0 0 0 0 0 0 0 320240 0 688544 677125 0 0 0 0 0 0 0 0 0 0 0 0 0 0 0 0 0 0 0 0 415487 705818 0 730928 0 0 827913 913511 0 0 0 0 0 0 0 0 0 0 0 0 0 0 0 0 0 0 0 0 0 0 0 0 0 0 0 0 0 0 0 0 0 0 0 0 0 0 0 0 0 0 0 0 0 0 0 0 0 0 0 0 0 0 0 0 0 0 0 0 0 0 0 0 0 0 0 0 0 0 0 0 0 0 0 0 0 0 0 0 0 0 0 0 0 0 0 0 0 0 0 0 0 0 0 0 0 0 0 0 0 0 0 0 0 0 0 0 0 0 0 0 0 0 0 0 0 0 0 0 0 0 0 0 0 0 0 0 0 0 0 0 0 0 0 0 0 0 0 0 0 0 0 0 0 0 0 0 0 0 0 0 0 0 0 0 0 0 0 0 0 0 0 0 0 0 0 0 0 0 0 0 0 0 0 0 0 0 0 0 0 0 0 0 0 0 0 0 0 0 0 0 0 0 0 0 562887 210766 0 0 0 0 0 0 0 0 0 0 0 0 0 0 0 0 0 0 0 0 0 0 0 0 0 0 0 0 0 0 0 0 0 0 0 0 0 0 0 0 0 0 135346 46716 873305 634307 814935 0 665406 3913 650883 872479 0 0 264637 828871 906783 0 0 0 0 0 0 0 0 0 0 0 0 0 0 0 0 0 409254 549374 0 0 0 0 0 161525 0 0 0 0 0 0 0 0 0 0 0 0 0 0 0 0 0 0 0 0 0 0 0 0 0 0 0 0 0 0 0 0 0 0 0 0 0 0 0 0 922633 41486 585699 470749 0 0 0 302645 0 0 0 0 582790 613880 384985 0 0 0 0 0 0 0 0 0 0 0 0 0 0 0 0 0 0 0 0 0 0 0 0 0 0 0 0 0 0 0 0 0 0 0 0 0 0 0 0 0 0 0 0 0 0 0 0 0 0 0 0 0 0 0 0 0 0 0 0 0 0 0 0 0 0 0 0 0 0 0 0 0 0 0 0 0 0 0 0 0 0 0 0 0 0 0 0 0 0 0 0 0 0 0 0 0 0 0 0 0 0 0 0 0 0 0 0 0 0 0 0 0 0 0 0 0 0 0 0 0 0 0 0 0 0 0 0 0 0 0 0 0 0 0 0 0 0 0 0 0 0 0 0 0 0 0 0 0 0 0 0 0 0 0 0 0 0 0 0 0 0 0 0 0 0 0 0 0 0 0 0 0 0 0 0 0 0 0 0 0 0 0 0 0 0 0 0 0 0 0 0 0 0 0 0 0 0 0 0 0 0 0 0 0 0 0 0 0 0 0 0 0 0 0 0 0 0 0 0 0 0 0 0 0 0 0 0 0 0 0 0 0 0 0 0 0 0 0 0 0 0 0 0 0 0 0 0 0 0 0 0 0 0 0 0 0 0 0 0 0 0 0 0 0 0 0 0 0 0 0 0 0 0 0 0 0 0 0 0 0 0 0 0 0 0 0 0 0 0 0 0 0 0 0 0 0 0 0 0 0 0 0 0 0 0 0 0 0 0 0 0 0 0 0 0 0 0 0 0 0 0 0 0 0 0 0 0 0 0 0 0 0 0 0 0 0 0 0 0 0 0 0 0 0 0 0 0 0 0 0 0 0
2 0
517376 0 629781
7 116
223041 892353 794410 551960 748285 305932 391539 773917 265664 634107 673052 963213 77634 753165 0 0 793272 663039 5734 482315 0 949911 336028 603410 0 71474 0 0 319457 0 0 0 0 993435 251046 46077 0 602570 741974 58388 0 0 0 296745 343986 606424 449418 786947 97901 0 0 896855 248985 0 0 0 0 804352 334036 0 0 0 0 0 0 0 0 99895 183458 373143 450870 0 402165 0 0 570696 0 585935 0 545895 966925 0 0 0 0 0 0 366668 949969 528079 0 171817 137423 35245 0 0 0 887203 916538 0 0 0 0 0 475380 889651 483323 0 0 0 0 0 0 0 0 0 260036 0 953841 0 0 0 0 0 0 0 0
9 391
652364 0 0 0 0 0 0 0 0 0 0 0 0 0 0 0 0 0 0 0 0 0 0 0 0 0 0 0 0 0 0 0 0 0 0 0 0 0 0 0 0 0 0 0 0 0 0 0 0 0 0 0 0 0 0 0 0 0 0 0 0 0 0 0 0 0 0 0 0 0 0 0 0 0 0 0 0 0 0 0 0 0 0 0 0 0 0 0 0 0 0 0 0 0 0 0 0 0 0 0 0 0 0 0 0 0 0 0 0 0 0 0 0 0 0 0 0 0 0 0 0 0 0 0 0 0 0 0 0 0 0 0 0 0 0 0 0 0 0 0 0 0 0 0 0 0 0 0 0 0 0 0 0 0 0 0 0 0 0 0 0 0 0 0 0 0 0 0 0 0 0 0 0 0 0 0 0 0 0 0 0 0 0 0 0 0 0 0 0 0 0 0 0 0 0 0 0 0 0 0 0 0 0 0 0 0 0 0 0 0 0 0 0 0 0 0 0 0 0 0 0 0 0 0 0 0 0 0 0 0 0 0 0 0 0 0 0 0 0 0 0 0 0 0 0 0 0 0 0 0 0 0 0 0 0 0 0 0 0 0 0 0 0 0 0 0 0 0 0 0 0 0 0 0 0 0 0 0 0 0 0 0 0 0 0 0 0 0 0 0 0 0 0 0 0 0 0 0 0 0 0 0 0 0 0 0 0 0 0 0 0 0 0 0 0 0 0 0 0 0 0 0 0 0 0 0 0 0 0 0 0 0 0 0 0 0 0 0 0 0 0 0 0 0 0 0 0 0 0 0 0 0 0 0 0 0 0 0 0 0 0 0 0 0 0 0 0 0 0 0 0 0 0 0 0 0 0 0 0 0 0 0 0 0 0 0 0 0 0 0 0 0 0 0 0 0 0 0 0 0 0 0 0 0 0 0 0 0 0 0 0 0 0 0 0 0 0 0 0 0 0 0 0 0 0 0 0 0 0 0 0 0 0 0 0 0 0 0 0 0 0 0 0 0 0 0 0 0 0 0 0 0 0 0 0 0 0 0 0 0 0 0 0 0 0 0 0 0 0 0 0 0 0 0 0 0 0 0 0 0 0 0 0 0 0 0 0 0 0 0 0 0 0 0 0 0 0 0 0 0 0 0 0 0 0 0 0 0 0 0 0
2 2
102574 391268 0
9 395
887409 163528 0 890721 524071 0 0 0 0 913439 144599 0 0 0 0 0 0 0 0 52761 0 954967 0 0 0 0 0 0 0 0 0 0 0 0 0 0 0 0 0 853824 354906 0 0 48073 714919 0 0 0 0 0 0 0 0 0 0 0 0 0 0 0 0 0 0 0 0 0 0 0 0 0 0 0 0 0 0 0 0 0 0 113845 195406 0 912232 0 0 0 0 258882 181971 184367 672869 0 0 0 0 0 0 0 0 0 0 0 0 0 0 0 0 0 0 0 0 0 0 0 0 0 0 0 0 0 0 0 0 0 0 0 0 0 0 0 0 0 0 0 0 0 0 0 0 0 0 0 0 0 0 0 0 0 0 0 0 0 0 0 0 0 0 0 0 0 5541 0 107772 0 0 0 52062 0 0 0 0 0 0 0 0 795680 678420 898749 247169 778136 657343 0 0 0 0 0 0 0 0 0 0 0 0 0 0 0 0 0 0 0 0 0 0 0 0 0 0 0 0 0 0 0 0 0 0 0 0 0 0 0 0 0 0 0 0 0 0 0 0 0 0 0 0 0 0 0 0 0 0 0 0 0 0 0 0 0 0 0 0 0 0 0 0 0 0 0 0 0 0 0 0 0 0 0 0 0 0 0 0 0 0 0 0 0 0 0 0 0 0 0 0 0 0 0 0 0 0 0 0 0 0 0 0 0 0 0 0 0 0 0 0 0 0 0 0 0 0 0 0 0 0 0 0 0 0 0 0 0 0 0 0 467058 903606 0 0 49625 379895 0 0 0 0 0 0 746651 5233 0 0 0 0 0 0 0 0 0 0 0 0 0 0 0 0 846219 776413 245955 155250 415050 602672 744722 954835 78626 400637 0 91183 0 0 0 0 0 0 0 0 0 0 0 0 0 0 0 0 0 0 0 0 0 0 0 0 0 0 0 0 0 0 0 0 0 0 0 0 0 0 0 0 0 0 0 0 0 0 0 0 0 0 0 0 0 0 0 0 0 0 0 0 0 0 0 0 0 0 0 0 0 0 0 0 0 0 0 0 0 0 0 0 0 0 0 0 0 0 0 0 0 0 0 0 0 0 0 0 0 0 0 0 0 0 0 0 0 0 0 0 0 0 0 0 0 0 0 0 0 0 0 0 0 0 0 0 0 0 0 0 0 0 0 0 0 0 0 0 0 0 0 0 0 0 0 0 0 0 0 0
7 96
828109 469673 685966 623774 65796 727688 686997 0 110257 0 0 0 339212 905888 0 0 0 567797 631083 0 0 0 0 0 0 338059 0 544099 0 0 0 0 0 0 0 575616 334686 986708 649030 0 0 0 0 0 0 0 0 0 0 0 0 401854 0 0 0 940185 2673 0 0 0 0 0 0 0 0 0 0 0 0 0 0 87562 0 497131 621245 0 0 0 78135 0 0 0 0 0 0 0 0 0 0 0 0 0 0 0 0 0 0 0 0 0 0 0 0 675754 0 0 0 0 0 0 0 350892 781886 154572 949625 0 0 0 0 0 0 0 0 0 0 0 0
3 1
539949 979660 459614 718513 776551 532398 0
1 1
954747
9 375
538649 0 360820 0 0 694914 491579 0 0 0 0 193975 140411 896555 783174 0 0 0 0 0 0 0 0 615505 32308 0 958947 412041 896758 640422 640583 0 0 0 0 0 0 0 0 0 0 0 0 0 0 0 0 0 763299 973892 802277 0 0 477458 0 459378 0 0 968348 722100 846939 723211 960276 0 0 0 0 0 0 0 0 0 0 0 0 0 0 0 0 0 0 0 0 0 0 0 0 0 0 0 0 0 0 0 0 0 0 981083 10562 768612 0 0 350218 0 0 0 0 901669 0 0 0 0 229193 0 0 0 0 0 331907 771338 568953 731094 0 852315 0 537862 733765 0 0 0 0 0 0 0 0 0 0 0 0 0 0 0 0 0 0 0 0 0 0 0 0 0 0 0 0 0 0 0 0 0 0 0 0 0 0 0 0 0 0 0 0 0 0 0 0 0 0 0 0 0 0 0 0 0 0 0 0 0 0 0 0 0 0 0 0 180912 538447 524075 0 155082 0 0 0 0 0 0 881340 0 0 0 0 0 0 0 0 470725 961350 0 0 0 0 0 0 0 0 866929 3032 0 0 0 0 0 0 0 0 0 0 500092 584768 0 0 0 432435 582916 520181 0 0 0 892470 0 0 314324 779476 243039 235390 0 0 0 0 0 0 0 0 0 0 0 0 0 0 0 0 0 0 0 0 0 0 0 0 0 0 0 0 0 0 0 0 0 0 0 0 0 0 0 0 0 0 0 0 0 0 0 0 0 0 0 0 0 0 0 0 0 0 0 0 0 0 0 0 0 0 0 0 0 0 0 0 0 0 0 0 0 0 0 0 0 0 0 0 0 0 0 0 0 0 0 0 0 0 0 0 0 0 0 0 0 0 0 0 0 0 0 0 0 0 0 0 0 0 0 0 0 0 0 0 0 0 0 0 0 0 0 0 0 0 0 0 0 0 0 0 0 4513 725986 495525 0 0 0 0 994932 56006 0 0 0 0 0 0 0 0 0 0 0 0 988076 563848 0 0 0 0 0 0 0 0 0 0 0 0 0 0 0 0 471033 366089 0 0 0 0 0 0 0 0 0 0 0 0 0 0 0 0 0 0 0 0 118473 369086 0 0 0 0 0 0 0 0 0 0 0 0 0 0 0 0 0 0 0 0 0 0 989625 808256 0 0 0 0 0 0 691811 0 827568 924656 612299 0 0 0 0 0 0 0 419273 911724 0 0 0 0 120904 0 746848 0 843567 0 0 0
7 124
103991 210628 670079 0 258791 225642 291426 0 0 577881 292103 584305 0 0 0 0 0 0 0 0 503134 770463 515722 39628 75268 0 0 0 0 0 0 0 0 0 0 0 0 0 0 0 0 90162 0 0 0 818353 131264 389924 855872 415576 783648 0 0 0 0 0 0 0 0 0 0 0 0 0 0 0 0 0 0 0 0 0 0 0 0 0 0 0 0 0 0 0 0 954544 4323 0 0 0 0 0 0 521834 882722 0 0 858016 292989 401754 172229 168043 733695 0 0 0 0 0 0 0 0 0 0 0 0 0 0 0 0 0 0 0 0 0 0 0 0 0 0
8 243
417941 802897 392106 859617 5945 437051 538653 373464 278733 0 445325 517729 531150 0 0 0 392912 0 0 0 0 571065 71068 0 962150 236200 502390 0 0 0 0 0 0 658350 456337 0 0 0 0 0 0 0 0 604426 52363 238210 413722 0 0 887552 545408 0 0 156966 0 0 0 0 0 0 0 0 0 0 0 0 0 899617 224269 908225 405479 0 0 0 0 0 0 0 0 0 0 0 0 0 0 0 0 382733 0 50812 917475 579954 0 329238 574156 0 0 0 0 155035 215116 178108 162608 0 0 0 0 191700 0 0 0 0 0 0 0 0 0 0 0 0 0 0 0 0 0 0 0 0 0 0 0 0 0 0 0 388125 0 67158 818096 188288 487803 536213 138433 0 0 0 0 0 0 0 0 0 0 0 0 0 0 0 0 0 0 0 0 0 0 0 0 0 0 0 0 0 0 0 0 493547 811892 0 0 780346 642193 466363 0 1066 825260 0 0 0 0 571420 324449 0 0 0 0 0 0 0 0 668023 420380 330590 60816 59101 461184 86270 358029 0 0 0 0 0 0 0 0 554568 0 0 0 0 0 0 0 0 0 0 0 0 0 0 0 0 0 0 0 0 0 0 0 0 0 0 0 0 0 0 0 0 0 0 0 0 0 0 0
8 241
388461 961112 837819 885428 647412 0 578972 615343 26740 758381 311411 0 0 0 0 0 463823 555476 12740 107653 594396 758721 0 0 0 0 0 0 0 0 0 0 0 481498 455533 954599 0 675205 137590 0 869748 702636 965389 824100 225254 0 0 0 0 0 0 0 0 0 0 0 0 0 0 0 0 0 0 0 0 0 0 0 513816 605618 0 500799 367260 0 0 145100 0 150748 754842 0 0 0 0 911837 635926 968536 98957 721010 918583 936162 264969 0 0 0 0 0 0 0 0 0 0 0 0 0 0 0 0 0 0 0 0 0 0 0 0 0 0 0 0 0 0 0 0 0 0 0 0 0 0 0 0 0 0 0 0 0 0 501173 0 0 0 0 0 414346 19534 0 113027 0 0 0 0 857362 958518 0 0 713853 410583 295220 45021 0 0 0 0 0 0 0 0 609679 154187 274520 66604 590880 221799 0 0 8270 265828 890311 360111 387045 187258 151382 525336 0 0 0 0 0 0 0 0 0 0 0 0 0 0 0 0 0 0 0 0 0 0 0 0 0 0 0 0 0 0 0 0 0 0 0 0 0 0 0 0 0 0 0 0 0 0 0 0 0 0 0 0 0 0 0 0 0 0 0 0 0 0 0 0 0 0 0 0 0 0 0 0
4 11
724523 0 631454 0 0 153185 101266 0 0 0 0 0 57618 960805 566685
7 28
826990 346157 0 402950 301799 0 0 0 456902 0 654354 0 0 0 0 0 0 911022 809408 0 0 12254 396433 0 0 0 0 0 0 0 0 0 0 0 0 742599 521610 0 927889 0 0 0 0 987735 258221 103763 0 0 0 0 0 0 0 0 0 0 0 0 0 0 0 0 0 0 0 0 0 0 0 0 0 773033 572095 0 719764 0 0 85746 504413 0 0 0 0 0 0 0 0 801373 0 991779 975713 199454 288852 0 0 0 0 0 0 0 0 0 0 0 0 0 0 0 0 0 0 0 0 0 0 0 0 0 0 0 0 0 0 0 0 0 0
1 0
141775
4 11
845251 352653 709138 0 0 0 932589 0 0 0 0 0 0 217244 320151
8 239
613483 698256 37545 63354 683229 67205 969782 628044 184070 625306 121767 0 764912 731471 800068 209919 207025 336743 0 265831 180615 686520 0 0 0 0 0 0 977897 861344 821162 0 0 212954 0 0 307042 0 0 823214 478657 318606 0 433469 912488 0 0 0 0 0 0 0 0 0 0 0 0 421437 264299 936234 751755 253290 556184 0 0 0 0 789597 653038 0 0 0 0 746401 813590 0 0 0 0 647402 303357 0 986318 348742 0 0 0 289786 0 702436 0 0 0 0 0 0 0 0 0 0 0 0 0 0 0 0 0 0 0 0 0 0 0 0 0 298413 0 302359 515500 133465 0 0 0 459590 983778 80354 925106 0 0 0 0 0 0 0 0 978683 748228 604926 386772 0 0 0 0 0 0 0 0 801230 517362 812608 752567 0 0 0 0 0 0 0 0 0 292048 598728 680223 0 0 948033 480777 515598 490899 0 0 0 0 0 0 0 499149 0 0 393598 980080 0 0 0 0 0 0 0 0 0 0 0 0 0 0 0 0 0 0 0 0 0 0 0 0 0 0 0 0 0 0 0 0 0 0 0 0 0 0 0 0 0 0 0 0 0 0 0 0 0 0 245616 0 0 0 674300 115574 231455 0 0 352868 0 0 0 0 0 0 216995 0 0 464657 105662 291643 222966 462868
6 45
123213 427659 89866 0 647916 0 581156 0 0 134231 470118 0 0 0 549848 0 0 0 0 410639 0 969649 119227 0 0 0 0 0 0 739745 15797 0 0 0 0 0 0 0 0 435162 437853 0 0 0 604407 0 0 0 0 0 0 0 0 0 0 0 0 0 0 754691 240125 361032 360628
2 1
363211 561003 961154
