100
3 4
774288 190625 101835 296506 0 995038 734282
10 1006
586555 890692 963243 0 0 926292 937408 0 0 0 0 165455 428613 0 917123 0 0 0 0 0 0 0 0 47528 330788 969633 0 0 0 57084 321407 0 0 0 0 0 0 0 0 0 0 0 0 0 0 0 0 0 0 982535 670704 616617 169310 0 0 0 0 0 0 557067 156630 745157 0 0 0 0 0 0 0 0 0 0 0 0 0 0 0 0 0 0 0 0 0 0 0 0 0 0 0 0 0 0 0 0 0 0 0 0 0 384761 782593 735875 0 140407 911375 213787 705011 0 0 0 0 0 0 0 0 0 0 0 0 0 495197 994464 690493 790897 481176 0 0 0 0 0 0 0 0 0 0 0 0 0 0 0 0 0 0 0 0 0 0 0 0 0 0 0 0 0 0 0 0 0 0 0 0 0 0 0 0 0 0 0 0 0 0 0 0 0 0 0 0 0 0 0 0 0 0 0 0 0 0 0 0 0 0 0 0 0 0 0 0 0 0 807005 50870 168303 109633 664390 414699 0 0 892231 0 178089 0 721708 434527 867065 911251 0 0 0 0 0 0 0 0 0 0 0 0 0 0 0 0 0 0 0 0 0 0 0 0 0 0 114120 0 237076 0 769687 144882 401622 923508 642109 289207 0 0 0 0 0 0 0 0 0 0 0 0 0 0 0 0 0 0 0 0 0 0 0 0 0 0 0 0 0 0 0 0 0 0 0 0 0 0 0 0 0 0 0 0 0 0 0 0 0 0 0 0 0 0 0 0 0 0 0 0 0 0 0 0 0 0 0 0 0 0 0 0 0 0 0 0 0 0 0 0 0 0 0 0 0 0 0 0 0 0 0 0 0 0 0 0 0 0 0 0 0 0 0 0 0 0 0 0 0 0 0 0 0 0 0 0 0 0 0 0 0 0 0 0 0 0 0 0 0 0 0 0 0 0 0 0 0 0 0 0 0 0 0 0 0 0 0 0 216844 549446 600540 0 680972 864358 356103 879651 0 10861 0 172226 0 0 0 0 233058 144903 0 0 0 476536 0 0 639392 947263 419262 629039 208968 835348 274926 0 0 0 0 0 0 0 0 0 0 0 0 0 0 0 0 0 0 0 0 0 0 0 0 0 0 0 0 0 0 0 0 0 0 0 0 0 0 0 0 0 0 0 0 0 0 0 0 0 0 0 0 0 360899 0 0 0 0 852233 0 0 0 0 235742 0 449033 0 0 476064 907152 555011 0 0 0 0 0 0 0 0 0 0 0 0 0 0 0 0 0 0 0 0 0 0 0 0 0 0 0 0 0 0 0 0 0 0 0 0 0 0 0 0 0 0 0 0 0 0 0 0 0 0 0 0 0 0 0 0 0 0 0 0 0 0 0 0 0 0 0 0 0 0 0 0 0 0 0 0 0 0 0 0 0 0 0 0 0 0 0 0 0 0 0 0 0 0 0 0 0 0 0 0 0 0 0 0 0 0 0 0 0 0 0 0 0 0 0 0 0 0 0 0 0 0 0 0 0 0 0 0 0 0 0 0 0 0 0 0 0 0 0 0 0 0 0 0 0 0 0 0 0 0 0 0 0 0 0 0 0 0 0 0 0 0 0 0 0 0 0 0 0 0 0 0 0 0 0 0 0 0 0 0 0 0 0 0 0 0 0 0 0 0 0 0 0 0 0 0 0 0 0 0 0 0 0 0 0 0 0 0 0 0 0 0 0 0 0 0 0 0 0 0 0 0 0 0 0 0 0 0 0 0 0 0 0 0 0 0 0 0 0 0 0 0 0 0 0 0 0 0 0 0 0 0 0 0 0 0 0 0 0 0 0 0 0 0 0 0 0 0 0 0 0 0 0 0 0 0 0 0 0 0 0 0 0 0 0 0 0 0 0 0 0 0 0 0 0 0 0 0 87535 516082 375088 184048 779092 990014 0 0 640753 931439 0 353918 937415 658258 257097 705888 0 0 148268 823736 0 0 403969 0 0 0 0 0 0 0 0 0 664490 109583 0 42926 0 0 0 0 0 0 946207 0 0 0 0 0 882218 401921 268230 0 0 588720 73183 575415 0 0 837539 853697 482714 201773 0 0 0 0 0 0 0 0 0 0 0 0 0 0 0 0 0 0 0 0 0 0 0 0 0 0 0 0 0 0 0 0 0 0 0 0 0 0 0 0 0 0 0 0 0 0 0 0 0 0 0 0 0 0 0 0 0 0 0 0 0 0 0 0 0 0 0 0 0 0 0 0 0 0 0 0 0 0 0 0 0 0 0 0 0 0 0 0 0 0 0 0 0 0 0 0 0 0 0 0 0 0 0 0 0 0 0 167302 0 0 0 0 0 0 0 0 96702 429544 0 0 0 0 0 0 0 0 1438 872479 0 0 232056 737572 0 0 0 0 355926 0 447860 892477 655322 379938 0 0 0 0 0 0 0 0 0 0 0 0 0 0 0 0 0 0 0 0
9 206
857045 184658 213832 805719 192131 130607 0 729950 0 0 0 0 0 0 0 0 0 0 0 0 0 0 0 0 0 0 0 0 0 0 0 0 0 0 0 0 0 0 0 0 0 0 0 0 0 0 0 0 0 0 0 0 0 0 0 0 0 0 0 0 0 0 0 0 0 0 0 0 0 0 0 0 0 0 0 0 0 0 0 0 0 0 0 0 0 0 0 0 0 0 0 0 0 0 0 0 0 0 0 0 0 0 0 0 0 0 0 0 0 0 0 0 0 0 0 0 0 0 0 0 0 0 0 0 0 0 0 0 0 0 0 0 0 0 0 0 0 0 0 0 0 0 0 0 0 0 0 0 0 0 0 0 0 0 0 0 0 0 0 0 0 0 0 0 0 0 0 0 0 0 0 0 0 0 0 0 0 0 0 0 0 0 0 0 0 0 0 0 0 0 0 0 0 0 0 0 0 0 0 0 0 0 0 0 0 0 0 0 0 0 0 0 0 0 0 0 0 0 0 0 0 0 0 0 0 0 0 0 0 0 0 0 0 0 0 0 0 0 0 0 0 0 0 0 0 0 0 0 0 0 0 0 0 0 0 0 0 0 0 0 0 0 0 0 0 0 0 0 0 0 0 0 0 0 0 0 0 0 0 0 0 0 0 0 0 0 0 0 0 0 0 0 0 0 0 0 0 0 0 0 0 0 0 0 0 0 0 0 0 0 0 0 0 0 0 0 0 0 0 0 0 0 0 0 0 0 0 0 0 0 0 0 0 0 0 0 0 0 0 0 0 0 0 0 0 0 0 0 0 0 0 0 0 0 0 0 0 0 0 0 0 0 0 0 0 0 0 0 0 0 0 0 0 0 0 0 0 0 0 0 0 0 0 0 0 0 0 0 0 0 0 0 0 0 0 0 0 0 0 0 0 0 0 0 0 0 0 0 0 0 0 0 0 0 0 0 0 0 0 0 0 0 0 0 0 0 0 0 0 0 0 0 0 0 0 0 0 0 0 0 0 0 0 0 0 0 0 0 0 0 0 0 0 0 0 0 0 0 0 0 0 0 0 0 0 0 0 0 0 0 0 0 0 0 0 0 0 0 0 0 0 0 0 0 0 0 0 0 0 0 0 0 0 0 0 0 0 0 0 0 0 0 0 0 0 0 0 0 0 0 0
9 416
71725 517874 23151 655427 515225 959935 836120 210607 356647 0 241559 401186 174902 134600 344300 0 826440 119906 277433 0 0 757459 74748 482575 0 531231 415465 440421 9732 676729 768882 0 0 25596 331785 0 702410 989866 964367 0 0 0 0 315886 17534 725025 920189 181477 368050 0 0 0 104483 973466 946691 34585 0 268607 109000 159143 829342 696321 0 0 0 0 0 89347 699677 0 0 0 0 160971 64101 328914 915315 0 0 0 0 0 0 0 0 0 0 796072 390946 820798 581375 0 143334 957901 456573 401707 0 85514 232417 0 0 0 0 0 0 232762 569677 605050 63459 150655 139502 0 889867 0 0 814307 713238 0 434370 0 353678 0 488896 281388 574634 0 0 0 0 0 0 0 0 0 0 654762 934224 979106 930388 0 0 0 0 0 0 0 0 0 824959 896808 0 136926 830632 143822 766873 0 0 0 0 0 0 0 0 0 0 0 0 0 0 0 0 0 0 0 0 0 174863 398080 0 719293 906084 0 925020 0 0 229182 199528 0 804348 296888 369619 748957 0 0 0 917429 777753 330471 536524 0 0 0 0 0 0 0 0 0 0 0 0 509092 983104 816939 501591 0 693974 39136 0 0 154955 724491 0 0 0 488041 0 0 0 0 0 93031 953873 0 0 0 0 784343 299313 0 0 96172 860350 0 0 30692 0 328589 376340 521248 460782 0 0 0 0 0 0 0 0 0 0 0 0 0 0 0 0 0 0 0 0 375651 4573 929734 392465 151606 469615 179464 167610 0 0 0 0 0 0 0 0 0 0 0 0 0 0 0 0 0 0 246802 638609 414761 888612 0 0 437596 0 866055 335191 456 173551 28386 643535 0 0 0 0 0 0 0 0 0 0 0 0 0 0 0 0 0 0 0 0 0 0 0 0 0 0 0 0 0 0 0 0 0 0 0 0 0 0 0 0 0 0 0 509325 148093 65989 0 0 0 85620 823474 438831 0 0 847109 433953 0 0 0 0 9361 0 177440 617321 0 0 0 107444 467205 461819 694994 714622 768486 550717 0 0 0 0 0 0 559911 320546 116856 968861 945545 359011 436674 930809 0 0 0 0 0 0 0 0 0 0 0 0 0 0 0 0 0 0 0 0 0 0 0 0 741890 0 685325 0 158411 665936 982279 0 0 0 0 709349 492693 467240 0 0 0 0 452192 154437 0 679360 0 0 0 0 0 0 207180 664782 0 0 0 0 0 0 0 0 0 0 417952 284061 860559 0 0 0 0 0 0 0 0 0 22829 35186 261348 489172 0 0 0 0 855934 0 0 17989 0 0 0 0 58508 356959 0 0 324421 629009 0 903490 356241 854826 732296 419285 0 0 0 0 0 0 0 0
6 21
410678 149606 843351 249272 975075 621532 457522 0 773339 149938 233480 939084 891176 0 923727 0 0 562122 0 110797 0 69193 0 443180 161786 0 324215 0 0 857442 900044 0 0 0 0 0 280990 0 0 0 0 0 0 581541 224732 0 0 211456 30870 147986 802664 0 0 518029 319557 0 0 0 0 0 993431 0 522698
3 6
793110 940073 772916 413181 638732 0 67451
8 249
674441 991118 0 0 437596 0 0 0 0 632209 843534 0 0 0 0 0 0 0 0 0 0 905670 77438 0 0 0 0 0 0 0 0 0 0 0 0 0 0 0 0 0 0 0 0 638329 268272 0 0 0 0 0 0 0 0 0 0 0 0 0 0 0 0 0 0 0 0 0 0 0 0 0 0 0 0 0 0 0 0 0 0 0 0 0 0 0 0 0 0 0 0 0 849026 0 0 0 0 0 0 0 0 0 0 0 0 0 0 0 0 0 0 0 0 0 0 0 0 0 0 0 0 0 0 0 0 0 0 0 0 0 0 0 0 0 0 0 0 0 0 0 0 0 0 0 0 0 0 0 0 0 0 0 0 0 0 0 0 0 0 0 0 0 0 0 0 0 0 0 0 0 0 0 0 0 0 0 0 0 0 0 0 0 0 771850 894314 0 0 0 0 0 0 0 0 0 0 0 0 0 0 0 0 0 0 0 0 0 0 0 0 0 0 0 0 0 0 0 0 0 0 0 0 0 0 0 0 0 0 0 0 0 0 0 0 0 0 0 0 0 0 0 0 0 0 0 0 0 0 0 0 0 0 0 0 0 0 0 0
3 0
652475 405069 989873 881314 256630 0 980245
6 55
991666 0 549369 0 0 117432 40175 0 0 0 0 221333 175737 964322 840469 0 0 0 0 0 0 0 0 942886 316718 0 45277 795507 0 606326 500961 0 0 0 0 0 0 0 0 0 0 0 0 0 0 0 0 369743 498436 874741 512779 0 0 900315 388810 790697 396112 0 0 655850 625812 150802 18607
10 817
216319 401953 793771 780526 155073 553018 132271 0 936346 0 891587 397264 192275 829625 331937 0 0 840847 937879 0 0 0 0 0 895454 938616 734605 202800 0 988759 420276 0 0 0 0 77005 603162 414691 479458 0 0 0 0 0 0 0 0 0 0 569437 22121 165037 465045 193156 397108 0 844254 0 0 0 347123 10927 624810 0 0 0 0 0 0 0 0 509181 513038 13993 288575 989005 838403 196535 206217 0 0 0 0 0 0 0 0 0 0 0 0 0 0 0 0 0 0 0 0 796855 45591 500506 0 715542 169581 909699 393315 826512 519460 434081 947237 0 0 196700 0 0 0 0 0 0 0 470593 0 407890 0 0 580949 0 0 0 0 0 0 0 0 0 0 0 0 0 0 0 0 0 973738 76273 345252 684263 997179 548097 737238 563189 0 65193 0 723660 687928 957297 0 0 0 0 0 0 0 0 0 0 0 0 0 0 0 0 0 0 0 0 0 0 0 0 0 0 0 0 0 0 0 0 0 0 0 0 0 0 0 0 0 0 261195 0 886471 415259 93241 0 0 367215 941800 193806 600008 364271 0 857014 743372 430935 109479 229810 10560 0 881416 0 507630 0 0 0 0 255737 653192 0 0 0 0 0 0 0 0 0 0 0 0 0 0 0 155416 0 0 473335 408346 0 0 0 0 0 159666 0 0 0 0 0 0 0 0 0 0 0 0 0 0 0 0 0 0 0 0 0 0 0 0 0 0 0 0 0 0 0 0 0 0 541978 539990 316236 236593 0 524233 96700 138831 954277 639653 586884 424709 401941 0 385679 984858 0 0 0 310034 0 0 728535 961059 755814 521997 215295 650273 0 0 0 0 0 0 0 0 0 0 0 0 0 0 0 0 0 0 0 0 0 0 0 0 0 0 0 0 0 0 0 0 0 0 0 0 0 0 0 0 0 0 0 0 0 0 0 0 0 0 0 0 0 0 0 0 0 0 0 0 0 0 0 0 0 0 0 0 0 0 0 0 0 0 0 0 0 0 0 0 0 0 0 0 414013 421141 0 0 0 300818 0 0 383968 886621 0 0 0 0 0 566110 372917 0 475546 195050 666052 0 0 759676 0 0 43111 528225 804959 0 0 181946 412953 193445 440347 0 0 258619 0 0 60286 993199 0 0 950074 716162 0 0 0 0 0 0 0 0 0 474851 277661 512697 0 0 0 0 0 0 0 0 0 0 0 0 0 0 0 0 0 0 0 0 0 0 0 0 0 0 0 0 0 0 562965 166326 0 0 0 0 414153 17700 644509 35671 0 0 0 0 0 0 0 0 0 0 643515 0 0 0 0 0 0 0 0 0 0 0 0 0 0 0 0 0 0 0 0 0 0 0 0 0 0 0 0 0 0 0 0 0 0 0 0 0 0 0 0 0 0 0 0 0 0 0 0 0 0 0 0 0 0 0 0 0 0 0 0 0 0 0 0 0 0 0 0 0 194996 930967 731119 56248 70288 0 936170 457081 0 0 0 0 846712 304923 0 193903 942058 396790 732994 210369 301703 0 566736 66356 202405 847952 0 0 707096 0 360178 461454 0 0 0 0 0 0 0 592293 0 0 0 0 359413 829016 420146 139962 775434 372414 678554 694958 0 112582 629340 757058 0 0 0 0 0 0 0 0 0 0 0 0 0 0 0 0 0 0 0 0 0 0 0 0 0 0 0 0 0 0 0 0 0 0 0 0 0 0 0 0 0 0 0 0 0 0 0 0 0 0 0 0 0 0 0 0 0 0 0 0 0 0 0 0 0 0 0 0 0 0 0 0 0 0 0 0 0 0 0 0 0 0 0 0 0 0 0 0 0 0 0 0 0 0 0 0 0 0 0 0 0 0 0 0 0 0 0 0 0 0 0 0 0 0 0 0 0 0 0 0 0 0 0 0 0 0 0 0 0 0 0 0 0 0 0 0 0 0 0 0 0 0 0 0 0 0 0 0 0 0 0 0 0 0 0 0 0 0 0 0 0 0 0 0 0 0 0 0 209388 332543 746940 0 0 0 0 0 0 0 582828 0 0 0 0 0 0 234615 617964 0 0 0 0 0 0 0 0 0 0 0 0 0 598560 0 0 0 761690 218330 812504 453883 0 234440 0 0 0 0 0 994177 0 0 0 0 532397 151549 0 896732 0 0 0 0 0 0 0 670227 857690 989367 0 0 348671 0 0 0 0 0 639580 0 0 0 0 0 861541 189470 324971 747526 0 0 0 0 0 121548 642691 0 0 0 0 0 0 0 0 0 0 0 0 0 0 0 0 0 0 0 949241 881070 18324 237925 458511 7389 0 0 0 0 0 0 0 0 0 0 0 0 0 0 0 0 0 0 0 0 0 0 0 0 0 0 0 0 0 0 0 0 0 0 0 0 0 0 0 0 0 0 0 0 0 0 0 0 0 0 0 0 0 0 0 0 0 0 0 0 468053 852816 0 314775 0 0 0 0 0 0 0 0 12999 0 298014 778001 62335 894297 0 0 0 0 0 0 0 0 0 0 0 0 0 0 0 0 0 0 0 0 0 0 72407 169571 0 0
2 1
589489 700709 969320
4 12
500699 114446 80242 933686 308598 0 554169 140640 382268 525980 223393 0 0 545287 385742
10 1005
934834 945755 568393 930936 981712 857971 748681 0 470795 828562 0 0 935868 0 814330 0 0 74388 0 580917 0 0 0 0 0 24019 148835 0 0 496057 546701 0 0 0 0 824287 38163 0 0 921139 59335 0 0 0 0 0 0 0 0 0 0 142853 593576 769990 0 0 0 0 0 484801 731671 0 324950 0 0 0 0 0 0 0 0 286055 903246 697594 526935 0 0 0 0 51361 840561 313419 0 0 0 0 0 0 0 0 0 0 0 0 0 0 0 0 0 0 0 0 0 488023 0 0 0 564803 136312 0 0 0 0 0 0 0 0 0 0 481890 630823 651661 0 0 0 108211 293060 0 0 0 0 0 0 0 0 0 0 0 0 0 0 0 0 828685 0 684352 599830 586880 52805 0 880534 0 0 0 0 0 0 0 0 491803 141831 493247 0 527234 281894 0 0 0 0 0 0 0 0 0 0 0 0 0 0 0 0 0 0 0 0 0 0 0 0 0 0 0 0 0 0 0 0 0 0 0 0 0 0 0 0 0 0 973700 319901 0 0 0 0 0 0 0 751903 618777 529522 0 0 0 0 0 0 0 0 0 0 0 0 0 0 0 0 0 0 0 0 393086 0 0 277056 737777 264925 0 0 0 0 0 0 605759 0 17466 0 0 0 0 0 0 0 0 0 0 0 0 0 0 0 0 0 0 0 0 0 0 0 0 0 0 0 0 0 0 0 0 0 890980 673779 0 0 0 0 0 943082 655226 649887 205342 0 0 0 0 369514 0 0 0 0 0 0 0 0 0 0 0 0 0 0 0 0 676918 690526 0 236297 679219 0 0 0 349099 474587 0 0 0 0 0 0 0 0 0 0 0 0 0 0 0 0 0 0 0 0 0 0 0 0 0 0 0 0 0 0 0 0 0 0 0 0 0 0 0 0 0 0 0 0 0 0 0 0 0 0 0 0 0 0 0 0 0 0 0 0 0 0 0 0 0 0 0 0 0 0 0 0 0 0 0 0 0 0 0 0 0 0 0 0 0 0 0 0 0 364267 0 0 0 0 0 0 0 0 0 0 0 0 0 0 806595 538391 112446 280694 0 848986 0 0 0 0 0 0 0 0 0 0 0 0 0 0 0 0 0 0 0 0 0 0 0 0 0 0 0 0 0 0 0 0 0 0 0 0 0 0 0 0 0 369484 0 0 0 0 606374 414913 0 294630 480899 498197 0 0 0 0 0 0 0 0 0 0 0 0 708832 188155 0 0 426702 185805 0 0 0 0 0 0 0 0 0 0 0 0 0 0 0 0 0 0 0 0 0 0 0 0 0 0 0 0 0 0 0 0 0 0 0 0 0 0 0 0 0 0 0 0 0 0 0 0 0 0 0 0 0 0 0 0 0 0 0 0 0 0 0 0 0 0 31145 905813 185047 615636 0 0 0 0 0 0 0 0 0 0 620844 11805 192046 0 0 0 426266 826355 0 0 0 0 0 0 0 0 381945 0 0 0 0 0 0 0 0 0 0 0 0 0 0 0 0 0 0 0 0 0 0 0 0 0 0 0 0 0 0 0 0 0 58909 788874 676423 0 0 0 922320 0 767211 0 0 0 0 0 0 0 0 324581 912829 0 0 0 0 0 0 0 0 0 0 0 0 0 0 0 0 0 0 0 0 0 0 0 0 0 0 0 0 0 0 0 0 0 0 0 0 0 0 0 0 0 0 0 0 0 0 0 0 0 0 0 0 0 0 0 0 0 0 0 0 0 0 0 0 0 0 0 0 0 0 0 0 0 0 0 0 0 0 0 0 0 0 0 0 0 0 0 0 0 0 0 0 0 0 0 0 0 0 0 0 0 0 0 0 0 0 0 0 0 0 0 0 0 0 0 0 0 0 0 0 0 0 0 0 0 0 0 0 0 0 0 0 0 0 0 0 0 0 0 0 0 0 0 0 0 0 0 0 0 0 0 0 0 0 0 0 0 0 0 0 0 0 0 0 0 0 0 0 0 0 0 0 0 0 0 0 0 0 0 747129 259058 0 0 0 0 0 0 0 0 0 0 0 0 0 0 0 0 0 0 0 0 0 0 0 0 0 0 0 0 169054 299381 51823 881277 808421 423804 0 332639 0 0 0 678401 0 0 0 0 0 0 0 0 0 0 0 0 0 0 0 0 0 0 0 0 0 0 0 0 0 0 0 0 0 0 0 0 0 0 0 0 0 0 0 0 0 0 0 0 0 0 0 0 0 0 0 0 0 0 0 0 0 0 0 0 0 0 0 0 0 0 0 0 0 0 0 0 0 0 0 0 0 0 0 0 0 0 257527 648688 0 0 0 0 0 0 0 0 578884 508937 0 992384 0 0 464190 0 612444 561719 515126 354727 0 0 0 0 0 0 0 0 0 0 0 0 0 0 0 0 0 0 0 0 0 0 0 0 609450 178912 61038 847584 0 0 0 0 583233 403524 109946 0 0 0 0 0
10 1008
687373 565880 160938 418593 731114 761585 634494 0 0 362510 0 782614 0 74911 233186 0 0 0 0 0 0 0 0 361590 554151 0 0 120222 0 300252 0 0 0 0 0 0 0 0 0 0 0 0 0 0 0 0 0 628642 0 342959 873016 0 0 0 0 340607 315920 0 0 780375 7234 0 0 0 0 0 0 0 0 0 0 0 0 0 0 0 0 0 0 0 0 0 0 0 0 0 0 0 0 0 0 0 0 0 0 0 240708 0 0 0 10510 0 944850 0 0 0 0 0 0 0 0 0 0 68039 866976 0 0 0 0 203412 881599 0 983359 0 0 0 0 0 0 0 0 0 0 0 0 0 0 0 0 0 0 0 0 0 0 0 0 0 0 0 0 0 0 0 0 0 0 0 0 0 0 0 0 0 0 0 0 0 0 0 0 0 0 0 0 0 0 0 0 0 0 0 0 0 0 0 0 0 0 0 0 0 0 233307 581783 0 0 0 0 0 0 703542 0 0 0 0 501986 0 0 0 0 0 0 0 0 0 0 0 0 0 0 0 0 0 0 0 0 0 614020 0 0 0 0 0 0 0 0 0 0 326713 0 203288 601807 0 0 607373 227841 0 0 0 0 0 0 0 0 0 0 0 0 0 0 0 0 0 0 0 0 0 0 0 0 0 0 0 0 0 0 0 0 0 0 0 0 0 0 0 0 0 0 0 0 0 0 0 0 0 0 0 0 0 0 0 0 0 0 0 0 0 0 0 0 0 0 0 0 0 0 0 0 0 0 0 0 0 0 0 0 0 0 0 0 0 0 0 0 0 0 0 0 0 0 0 0 0 0 0 0 0 0 0 0 0 0 0 0 0 0 0 0 0 0 0 0 0 0 0 0 0 0 0 0 0 0 0 0 0 0 0 0 0 0 0 0 0 0 0 0 102259 335714 357575 0 0 0 0 0 0 0 0 0 0 0 0 0 0 634623 0 0 0 0 0 0 0 0 684951 557613 0 0 0 0 0 0 0 0 0 0 0 0 0 0 0 0 0 0 0 0 0 0 0 0 0 0 0 0 0 0 0 0 0 0 0 0 0 0 0 0 0 0 216671 646157 0 0 0 0 0 0 0 0 0 0 0 0 0 0 0 0 0 0 0 0 0 708466 0 0 648204 139233 0 0 0 0 0 0 730943 159980 321778 39365 0 0 0 0 0 0 0 0 0 0 0 0 0 0 0 0 0 0 0 0 0 0 0 0 0 0 0 0 0 0 0 0 0 0 0 0 0 0 0 0 0 0 0 0 0 0 0 0 0 0 0 0 0 0 0 0 0 0 0 0 0 0 0 0 0 0 0 0 0 0 0 0 0 0 0 0 0 0 0 0 0 0 0 0 0 0 0 0 0 0 0 0 0 0 0 0 0 0 0 0 0 0 0 0 0 0 0 0 0 0 0 0 0 0 0 0 0 0 0 0 0 0 0 0 0 0 0 0 0 0 0 0 0 0 0 0 0 0 0 0 0 0 0 0 0 0 0 0 0 0 0 0 0 0 0 0 0 0 0 0 0 0 0 0 0 0 0 0 0 0 0 0 0 0 0 0 0 0 0 0 0 0 0 0 0 0 0 0 0 0 0 0 0 0 0 0 0 0 0 0 0 0 0 0 0 0 0 0 0 0 0 0 0 0 0 0 0 0 0 0 0 0 0 0 0 0 0 0 0 0 0 0 0 0 0 0 0 0 0 0 0 0 0 0 0 0 0 0 0 0 0 0 0 0 0 0 0 0 0 0 0 0 0 0 0 0 0 0 0 0 0 0 0 0 0 0 0 0 0 0 774525 534948 786204 359233 15758 0 0 0 0 0 0 0 0 0 0 0 0 0 0 0 0 0 0 0 0 0 0 0 0 0 0 0 0 0 73618 212580 0 0 0 0 0 0 0 0 0 0 0 0 0 0 0 0 307014 411106 726716 527562 0 0 0 0 0 0 0 0 0 0 0 0 0 0 0 0 0 0 0 0 0 0 0 0 0 0 0 0 0 0 0 0 0 0 0 0 0 0 0 0 0 0 0 0 0 0 0 0 0 0 0 0 0 0 0 0 0 0 0 0 0 0 0 0 0 0 0 0 0 0 0 0 0 0 0 0 0 0 0 0 0 0 0 0 0 994152 417621 0 0 0 0 0 0 0 0 0 0 0 0 0 0 0 0 0 0 0 0 0 0 0 0 0 0 0 0 0 0 0 0 0 0 0 0 0 0 0 0 0 0 0 349699 623223 0 0 0 0 653922 0 477681 412033 0 0 0 0 0 0 0 0 0 0 0 0 873593 0 0 468163 0 782586 706106 0 0 0 0 0 0 0 0 0 0 0 0 0 0 0 0 0 0 0 0 0 0 0 0 0 0 0 0 0 0 0 0 0
8 10
987594 200594 0 0 433921 0 0 0 0 548866 9152 0 0 0 0 0 0 0 0 982959 454717 0 441357 0 0 0 0 0 0 0 0 0 0 0 0 0 0 0 0 0 429845 671878 904929 0 0 0 495903 0 0 0 0 0 0 0 0 0 0 0 0 0 0 0 0 0 0 0 0 0 0 0 0 0 0 0 0 0 0 0 0 0 0 760480 615833 0 646790 708575 639660 0 0 0 0 0 0 0 703417 0 0 0 0 0 0 0 0 0 0 0 0 0 0 0 0 0 0 0 0 0 0 0 0 0 0 0 0 0 0 0 0 0 0 0 0 0 0 0 0 0 0 0 0 0 0 0 0 0 0 0 0 0 0 0 0 0 0 0 0 0 0 0 0 0 0 0 0 314487 371197 239148 490298 0 0 0 16605 0 5045 696728 231783 0 0 0 0 0 0 0 0 0 0 0 0 0 0 627889 0 0 0 0 0 0 0 0 0 0 0 0 0 0 0 0 0 0 0 0 0 0 0 0 0 0 0 0 0 0 0 0 0 0 0 0 0 0 0 0 0 0 0 0 0 0 0 0 0 0 0 0 0 0 0 0 0 0 0 0 0 0 0 0 0
10 995
592583 548510 723692 275448 857859 742674 949666 665075 448833 517078 717218 128506 793661 0 0 99334 408933 512186 163744 142986 501259 434088 628953 487350 13802 0 895650 0 0 0 0 861205 161660 351490 323288 104334 0 922784 446764 410128 706601 491464 0 989997 164487 76760 862182 0 203705 34787 253409 0 0 0 62712 0 0 0 0 0 0 0 0 570160 222810 457795 172108 497905 988723 288314 136566 0 612499 0 0 0 125524 165006 359431 664094 415119 0 771561 0 0 0 0 212674 337866 953931 788607 0 0 443718 206868 0 0 78254 118254 0 920679 0 0 0 0 0 0 0 0 434927 530801 0 0 0 0 0 0 0 0 0 0 0 0 0 0 0 0 0 0 0 988876 80781 0 612576 0 0 0 341148 358693 0 0 84696 656036 0 0 272850 386982 0 0 0 0 0 0 974318 0 965714 53863 349546 410980 480585 185062 0 521496 0 0 655265 126003 0 0 0 0 0 0 0 0 643843 821791 0 0 239985 0 0 0 0 0 0 0 779022 0 154944 632613 0 0 0 0 763924 283662 39211 425922 0 0 117449 0 0 0 0 0 0 0 0 0 0 0 0 0 0 0 0 0 929469 167358 140387 364881 0 0 0 0 0 0 0 0 0 0 0 0 0 0 0 0 0 0 0 0 0 0 0 0 0 0 0 0 0 0 0 0 0 0 0 0 0 0 0 768448 0 686977 0 0 287073 610209 0 0 0 0 0 0 459420 0 0 825858 0 0 0 0 0 0 0 784651 0 0 0 0 0 738321 169212 0 0 0 0 0 0 0 0 0 0 0 0 0 328947 675102 0 0 0 0 633942 581913 0 237162 87497 217965 367705 0 428226 305491 0 0 114571 758774 0 0 0 0 581956 0 900752 355852 0 0 0 0 0 0 0 0 0 0 0 0 0 0 0 0 50800 713486 0 0 0 0 0 0 183481 337021 0 0 0 0 0 0 0 0 0 0 0 0 0 0 424332 52643 0 0 540231 491954 0 212576 0 0 0 0 0 0 0 0 647634 62760 53814 244386 895239 260637 0 335947 0 0 0 0 0 594889 0 0 0 0 0 0 0 0 0 0 0 0 0 0 0 0 0 0 0 0 0 0 0 0 0 0 0 0 0 0 0 0 0 0 202322 0 203892 0 160724 49889 103270 414031 0 0 0 0 0 0 0 0 0 0 0 0 0 0 0 0 0 0 0 0 0 0 0 0 0 0 0 0 0 0 0 0 0 0 0 0 0 0 0 0 0 0 0 0 0 0 0 0 0 0 0 0 0 0 0 0 0 0 0 0 0 0 0 0 0 0 0 0 0 0 0 0 0 0 0 0 0 0 378355 164465 0 0 396369 67349 0 0 0 0 151059 0 369967 199607 0 0 0 0 0 0 0 0 0 0 0 0 0 840906 0 0 0 0 318270 234937 0 0 0 0 0 0 0 0 0 0 0 0 0 0 890577 240191 0 0 0 0 0 0 0 0 0 0 976645 695912 677882 0 0 0 0 0 0 0 0 0 0 0 0 0 0 0 0 0 0 0 0 0 0 0 0 0 0 0 0 0 0 83995 0 0 0 0 0 0 0 0 0 835101 0 783255 0 0 311628 256108 691675 561236 647249 274892 135098 0 0 0 6840 68503 88985 0 0 0 0 0 216118 549873 640743 20282 0 0 0 0 0 0 0 0 0 0 0 0 782532 0 389731 427123 0 0 0 0 0 0 0 0 0 0 0 0 0 0 0 0 0 0 0 0 0 0 0 0 0 0 0 0 0 0 0 0 0 420827 531536 624826 0 0 0 0 0 0 0 0 0 0 0 0 392244 0 566027 0 0 0 0 0 0 0 0 0 0 0 0 0 0 0 0 0 0 0 0 0 0 0 0 0 0 0 0 0 364048 122256 918286 570453 0 0 0 0 347003 595493 90095 953277 0 0 941366 0 0 0 0 0 0 0 0 0 0 0 0 0 0 0 0 0 890155 44569 668782 771554 586666 0 317478 0 556657 5550 5934 495476 0 0 463005 202396 0 0 0 0 0 0 0 0 0 0 808733 343871 0 0 0 0 0 0 0 0 0 0 0 0 0 0 0 0 0 0 0 0 0 0 0 0 0 0 0 0 0 0 0 0 0 0 0 0 0 0 0 0 0 0 0 0 0 0 0 0 0 0 0 0 0 0 0 0 0 0 0 0 0 0 0 0 0 0 0 0 329733 779543 0 0 0 0 0 0 370206 440719 313664 0 202035 301328 860651 909256 0 0 0 0 0 0 0 0 0 0 0 0 0 0 0 0 0 0 0 0 0 0 0 0 0 0 0 0 0 0 0 0 0 0 0 0 0 0 0 0 0 0 0 0 0 0 0 0 0 0 0 0 0 0 0 0 0 0 0 0 0 0 0 0 0 0 0 0 0 0 0 0 0 0 0 0 0 0 0 0 0 0 0 0 0 0 0 0 0 0 0 0 0 0 0 0 0 0 0 0 0 0 0 0 0 0 0 0 0 0 0 0 0 0 0 0 0 0 0 0 0 0 0 0 0 0 0 0
9 369
339706 656209 202692 280149 60830 917122 919346 0 400543 882513 543744 732683 0 0 141988 0 0 472456 0 981972 666622 12451 0 306705 0 0 0 0 0 256361 820457 0 0 0 0 253997 594023 0 0 0 981306 427004 0 923234 422901 0 0 128570 383690 0 0 0 0 0 0 0 0 0 0 0 560605 851464 662730 0 0 0 0 0 0 0 0 425194 816517 433991 0 0 0 0 0 0 0 0 243775 0 457276 0 0 995139 0 934960 0 0 0 0 0 484102 968949 713162 0 0 0 0 0 0 0 0 0 0 0 0 0 0 0 0 0 0 0 0 0 0 0 33523 517138 759277 0 789651 0 0 0 0 0 0 0 0 0 0 0 0 0 0 0 0 0 0 675959 471678 156227 998121 751878 0 0 0 0 0 0 0 0 0 0 0 0 0 0 0 0 0 305972 0 0 153611 519091 0 0 0 0 315913 239421 0 0 586076 578113 0 0 0 0 0 0 0 0 0 0 56647 568292 420021 0 335042 0 0 0 0 0 0 0 0 0 0 0 0 0 0 0 0 0 0 0 0 0 0 0 0 0 0 0 0 0 0 0 0 0 0 0 0 0 0 0 0 0 0 0 0 0 0 0 0 334152 0 241149 532265 879293 0 0 992291 47893 0 0 0 0 0 0 0 0 0 0 0 0 0 0 0 0 0 0 0 0 0 0 0 0 0 0 0 0 0 0 0 0 0 0 0 0 309053 0 91481 77896 714514 223661 609244 326297 384598 748672 0 0 0 0 0 0 0 0 0 0 0 0 0 0 0 0 0 0 0 0 0 0 0 0 0 0 0 0 0 0 0 0 0 0 57152 511771 0 0 0 0 770219 608268 0 0 0 0 0 0 0 0 0 0 0 0 82985 704623 0 0 0 0 0 253229 0 19231 0 0 0 0 0 0 0 0 0 0 0 0 0 0 0 0 0 0 0 0 623988 0 0 268112 722913 0 0 0 191953 0 0 0 0 0 0 0 0 0 0 0 0 0 0 0 0 0 0 0 0 0 0 0 0 0 0 0 0 0 0 0 0 0 0 0 0 0 0 0 0 0 0 0 0 0 0 0 0 0 0 0 0 0 0 0 0 0 0 0 0 0 0 0 0 0 0 0 0 0 0 0 0 0 0 0 0 0 0 0 0 0 0 0 0 0 0 0 0 0 0 0 0 0 0 0 0 0 665920 0 0 0 0 851619 0 0 0 0 0 0 0 0 0 367290 662659 759908 0 0 0 0
5 29
748663 0 0 0 0 0 0 0 0 0 0 0 0 0 0 0 0 0 0 0 0 0 0 0 0 0 0 0 0 0 0
2 2
854231 757915 950752
7 13
241075 976697 357673 0 688551 533104 0 0 0 0 671781 626143 572704 0 0 0 0 0 0 0 0 856604 306730 529188 909199 296275 829309 0 0 0 0 0 0 0 0 0 0 0 0 0 0 0 0 961908 0 941967 909906 0 322110 41975 0 0 666949 550284 402768 0 0 0 0 0 0 0 0 0 0 0 0 0 0 0 0 0 0 0 0 0 0 0 0 0 0 0 0 0 0 0 0 536234 0 0 0 0 0 497517 165778 0 0 617016 487404 92551 521856 0 0 0 0 194339 630054 356301 616242 852322 258898 0 0 0 0 0 0 0 0 0 0 0 0 0 0 0 0
8 194
155742 0 368304 0 0 190469 0 0 0 0 0 454275 0 0 0 0 0 0 0 0 0 0 0 960299 814150 0 0 0 0 0 0 0 0 0 0 0 0 0 0 0 0 0 0 0 0 0 0 344791 952234 312488 189991 0 0 0 0 0 0 0 0 0 0 0 0 0 0 0 0 0 0 0 0 0 0 0 0 0 0 0 0 0 0 0 0 0 0 0 0 0 0 0 0 0 0 0 0 0 423822 12099 217490 944662 899571 906344 0 0 0 0 0 0 0 0 0 0 0 0 0 0 0 0 0 0 0 0 0 0 0 0 0 0 0 0 0 0 0 0 0 0 0 0 0 0 0 0 0 0 0 0 0 0 0 0 0 0 0 0 0 0 0 0 0 0 0 0 0 0 0 0 0 0 0 0 0 0 0 0 0 0 0 0 0 0 0 0 0 0 0 0 0 0 0 0 0 0 0 534495 129323 873327 764010 754863 80861 0 796443 868983 317149 572391 122625 0 0 0 0 0 0 0 0 0 0 0 0 0 0 0 0 0 0 0 0 0 0 0 0 0 0 0 0 0 0 0 0 0 0 0 0 0 0 0 0 0 0 0 0 0 0 0 0 0 0
2 2
826702 0 228505
4 13
649299 0 0 0 0 0 0 0 0 0 0 0 0 0 0
8 252
340533 0 357784 0 0 0 0 0 0 0 0 0 0 0 0 0 0 0 0 0 0 0 0 0 0 0 0 0 0 0 0 0 0 0 0 0 0 0 0 0 0 0 0 0 0 0 0 0 0 0 0 0 0 0 0 0 0 0 0 0 0 0 0 0 0 0 0 0 0 0 0 0 0 0 0 0 0 0 0 0 0 0 0 0 0 0 0 0 0 0 0 0 0 0 0 0 0 0 0 0 0 0 0 0 0 0 0 0 0 0 0 0 0 0 0 0 0 0 0 0 0 0 0 0 0 0 0 0 0 0 0 0 0 0 0 0 0 0 0 0 0 0 0 0 0 0 0 0 0 0 0 0 0 0 0 0 0 0 0 0 0 0 0 0 0 0 0 0 0 0 0 0 0 0 0 0 0 0 0 0 0 0 0 0 0 0 0 0 0 0 0 0 0 0 0 0 0 0 0 0 0 0 0 0 0 0 0 0 0 0 0 0 0 0 0 0 0 0 0 0 0 0 0 0 0 0 0 0 0 0 0 0 0 0 0 0 0 0 0 0 0 0 0 0 0 0 0 0 0 0 0 0 0 0 0
6 53
753515 180246 572705 284985 618065 969780 488913 978685 829932 289493 0 43790 557065 0 509956 370497 150557 854667 0 785095 0 0 0 125337 428433 0 0 0 0 744394 0 195603 955248 0 665360 130933 165745 0 0 863907 683871 0 0 0 0 0 0 928754 578974 579808 234730 0 0 0 0 0 0 0 0 682783 386183 0 0
3 4
95356 0 0 0 0 0 0
2 2
681036 992158 470274
5 26
100037 449780 91138 770977 0 813766 0 318024 392306 0 0 650894 543495 0 0 893135 293985 778192 358104 0 0 0 0 0 183745 331059 0 0 0 0 0
7 118
209268 897195 121720 332491 578532 0 9402 763775 510405 762356 0 0 0 240673 26893 0 0 0 835977 853617 500657 0 0 0 0 0 0 718634 150863 760702 0 0 0 0 0 0 0 368648 813759 0 146780 234138 0 0 0 0 0 0 0 0 0 0 0 0 0 378190 332154 803721 930621 583100 728382 0 0 0 0 0 0 0 0 0 0 0 0 0 0 740783 333432 374014 0 0 0 105398 0 293536 0 0 0 0 0 0 0 0 0 0 0 0 0 0 0 0 0 0 0 0 0 0 0 0 0 0 0 0 0 0 0 0 240413 20238 531234 0 855328 734413 465356 0 0 0 0
1 1
889359
1 1
817506
2 2
638653 704159 430059
1 0
809969
9 405
19245 0 712511 0 0 0 555684 0 0 0 0 0 0 441688 0 0 0 0 0 0 0 0 0 0 0 0 0 7418 990361 0 0 0 0 0 0 0 0 0 0 0 0 0 0 0 0 0 0 0 0 0 0 0 0 0 0 6111 66446 580734 260131 0 0 0 0 0 0 0 0 0 0 0 0 0 0 0 0 0 0 0 0 0 0 0 0 0 0 0 0 0 0 0 0 0 0 0 0 0 0 0 0 0 0 0 0 0 0 0 0 0 0 0 0 699696 330333 128524 82406 634535 239257 0 0 0 0 0 0 0 0 0 0 0 0 0 0 0 0 0 0 0 0 0 0 0 0 0 0 0 0 0 0 0 0 0 0 0 0 0 0 0 0 0 0 0 0 0 0 0 0 0 0 0 0 0 0 0 0 0 0 0 0 0 0 0 0 0 0 0 0 0 0 0 0 0 0 0 0 0 0 0 0 0 0 0 0 0 0 0 0 0 0 0 0 0 0 0 0 0 0 0 0 0 0 0 0 0 0 0 885701 70887 873353 885016 467291 58534 898490 0 934138 772286 614916 0 0 0 0 0 0 0 0 0 0 0 0 0 0 0 0 0 0 0 0 0 0 0 0 0 0 0 0 0 0 0 0 0 0 0 0 0 0 0 0 0 0 0 0 0 0 0 0 0 0 0 0 0 0 0 0 0 0 0 0 0 0 0 0 0 0 0 0 0 0 0 0 0 0 0 0 0 0 0 0 0 0 0 0 0 0 0 0 0 0 0 0 0 0 0 0 0 0 0 0 0 0 0 0 0 0 0 0 0 0 0 0 0 0 0 0 0 0 0 0 0 0 0 0 0 0 0 0 0 0 0 0 0 0 0 0 0 0 0 0 0 0 0 0 0 0 0 0 0 0 0 0 0 0 0 0 0 0 0 0 0 0 0 0 0 0 0 0 0 0 0 0 0 0 0 0 0 0 0 0 0 0 0 0 0 0 0 0 0 0 0 0 0 0 0 0 0 0 0 0 0 0 0 0 0 0 0 0 0 0 0 0 0 0 768279 0 130411 475921 934050 0 321028 525413 0 6613 875421 597011 0 470146 0 0 615326 242766 108302 82160 548827 983965 0 0 0 0 0 0 0 0 0 0 0 0 0 0 0 0 0 0 0 0 0 0 0 0 0 0 0 0 0 0 0 0 0 0 0 0 0 0 0 0
1 1
110589
9 495
392655 414159 151140 724531 684646 494183 0 73891 922976 479399 151306 971160 322629 0 0 7293 329598 813748 147179 0 559305 132971 0 237044 0 745742 6630 0 0 0 0 737333 0 0 268440 701728 470867 364449 638574 0 0 480164 227922 527324 915184 0 0 157510 0 0 0 0 876782 0 632093 0 0 0 0 0 0 0 0 895821 67134 0 0 0 0 772576 0 575575 238067 855112 808855 148600 0 36438 124929 0 0 0 0 700187 415713 830377 832565 940456 247678 0 669155 0 0 0 0 0 347808 0 0 0 0 0 0 0 0 925378 0 0 0 345955 21354 0 0 0 0 0 0 0 0 0 0 0 0 0 0 0 0 216135 541618 500423 248927 0 0 0 0 0 0 0 0 0 513518 0 0 0 0 0 146969 25821 831833 73836 628963 0 0 0 0 473418 331348 0 640868 0 0 0 0 0 0 0 0 0 812122 0 650374 0 64300 625396 982168 0 0 0 823849 0 0 696752 0 0 0 0 0 0 0 0 0 0 0 116738 0 0 0 0 0 0 0 0 0 0 0 0 0 0 0 0 0 0 0 0 0 0 0 0 0 322382 0 587230 0 0 0 0 0 0 0 0 0 0 0 0 0 0 0 0 0 0 0 0 0 0 0 0 0 0 0 0 0 0 0 0 0 0 258245 552184 86623 848713 343344 621495 562968 0 0 0 0 0 0 0 0 0 0 0 0 0 0 0 0 0 0 132490 489015 0 0 0 0 0 0 0 0 0 0 0 0 549529 0 0 691950 0 911629 361116 889386 0 0 0 0 0 0 0 0 0 81664 0 163329 0 0 0 13960 0 0 0 0 0 0 0 0 0 0 0 0 0 0 0 0 0 0 456063 989073 0 0 99526 0 0 0 497146 921574 0 823134 0 0 0 0 0 0 0 0 134621 468769 0 0 0 0 235155 0 0 0 0 0 0 0 0 0 0 0 0 0 0 0 0 0 0 0 0 0 0 0 0 0 0 0 0 0 0 0 0 0 0 0 0 0 0 0 0 0 0 0 0 0 0 0 0 0 0 0 0 0 0 0 0 0 0 0 0 0 0 0 0 0 0 0 0 0 0 0 0 0 0 0 0 0 0 0 816490 217043 0 0 0 0 0 0 0 0 0 0 0 0 0 0 0 0 0 0 0 0 0 0 0 0 0 0 0 0 0 0 0 0 0 0 0 0 0 0 0 0 0 0 0 0 0 0 0 0 0 0 0 0 0 0 0 0 0 0 0 0 0 0 0 0 0 0
2 0
426543 195742 930324
6 60
339938 153189 0 675651 0 0 0 0 917150 0 0 0 0 0 0 0 0 0 288607 0 0 0 0 0 0 0 0 0 0 0 0 0 0 0 0 0 0 725228 496227 0 0 0 0 0 0 0 0 0 0 0 0 0 0 0 0 0 0 0 0 0 0 0 0
1 1
323553
4 11
484064 208834 0 0 21486 0 0 0 0 716334 645807 0 0 0 0
8 167
39706 0 459174 0 0 0 132137 0 0 0 0 0 0 644990 76746 0 0 0 0 0 0 0 0 0 0 0 0 364893 420679 983572 139917 0 0 0 0 0 0 0 0 0 0 0 0 0 0 0 0 0 0 0 0 0 0 0 0 283021 893136 0 247454 0 323948 410657 98207 0 0 0 0 0 0 0 0 0 0 0 0 0 0 0 0 0 0 0 0 0 0 0 0 0 0 0 0 0 0 0 0 0 0 0 0 0 0 0 0 0 0 0 0 0 0 0 0 774959 888260 950263 0 0 0 450497 323460 0 0 0 970133 0 918394 649174 904236 0 0 0 0 0 0 0 0 0 0 0 0 0 0 0 0 0 0 0 0 0 0 0 0 0 0 0 0 0 0 0 0 0 0 0 0 0 0 0 0 0 0 0 0 0 0 0 0 0 0 0 0 0 0 0 0 0 0 0 0 0 0 0 0 0 0 0 0 0 0 0 0 0 0 0 0 0 0 0 0 0 0 0 0 0 0 0 0 0 0 0 0 0 0 0 0 567873 299723 0 726386 269271 0 0 0 0 0 0 0 0 837971 855945 0 0 0 0 0 0 0 886233 715365 0 0 666900 0 667955 125922 593943 0
4 9
416493 0 79993 0 0 0 659312 0 0 0 0 0 0 597208 938240
8 245
533893 775884 153062 521849 0 410233 0 0 82113 0 0 0 945525 0 0 0 0 782213 848911 0 0 0 0 0 0 719941 263074 0 0 0 0 0 0 0 0 0 547065 649604 883949 0 0 0 0 0 0 0 0 0 0 0 0 368155 655329 277236 412984 0 0 0 0 0 0 0 0 0 0 0 0 0 0 0 0 0 0 644801 667547 417568 0 0 884991 0 0 0 0 0 0 0 0 0 0 0 0 0 0 0 0 0 0 0 0 0 0 0 0 732591 652468 124503 0 620896 557612 169695 822204 0 0 0 0 0 0 0 0 0 0 0 0 0 0 0 0 0 0 0 0 0 0 0 0 0 0 0 0 0 0 0 0 0 0 0 0 0 614020 0 841129 68268 0 0 0 0 0 0 380642 0 0 0 0 0 0 0 0 0 0 0 0 0 0 0 0 0 0 0 0 0 0 0 0 0 0 0 0 0 0 0 0 0 0 0 0 0 0 0 0 0 0 0 0 0 0 0 0 0 323386 40399 486230 276532 826828 0 0 440060 0 347334 97201 983982 0 98799 0 0 0 0 0 0 0 0 0 0 0 0 0 0 0 0 0 0 0 0 0 0 0 0 0 0 0 0 0 0 0 0 0
4 11
776147 272908 525622 86024 314138 0 0 277758 505203 0 0 0 0 0 0
1 1
697498
8 25
611800 581486 835723 739548 47591 0 859734 433030 213148 0 205965 0 0 155070 0 461735 0 0 0 0 0 534213 80928 0 0 0 0 885632 281264 0 0 141618 439986 0 0 0 0 0 0 0 0 0 0 395274 189315 433588 0 0 0 0 0 0 0 0 0 93417 200324 564560 974519 0 0 0 0 936619 0 725622 0 0 0 0 0 0 0 0 0 0 0 0 0 0 0 0 0 0 0 0 0 369510 127758 167717 920102 680239 408068 0 0 0 0 0 0 0 0 0 0 0 0 0 0 0 0 0 0 147158 522043 638831 824755 494881 668955 0 697776 0 0 0 0 0 0 0 0 323487 989847 0 0 697583 981755 0 0 0 0 0 0 0 0 0 0 0 0 0 0 0 0 0 0 0 0 0 0 0 0 0 0 0 0 0 0 0 0 0 0 0 0 0 0 0 0 0 0 621661 192595 831319 443097 544669 247127 118904 849765 770275 765279 0 0 0 0 0 0 0 0 0 0 0 0 0 0 0 0 0 0 0 0 0 0 0 0 0 0 0 0 0 0 0 0 0 0 0 0 0 0 345110 527382 0 96514 353723 90679 604653 0 0 0 369646 102057 0 0 0 0 0 0 0 0 0 0 0 0 0 0 0 0 0 0 0 0
6 27
243760 940174 283429 0 115543 730418 814281 0 0 0 820716 0 188117 396593 878675 0 0 0 0 0 0 0 0 0 0 0 0 832859 0 79462 628690 0 0 0 0 0 0 0 0 0 0 0 0 0 0 0 0 0 0 0 0 0 0 0 0 807876 647201 0 0 128976 408692 728795 578760
7 117
201761 713331 204261 0 972759 0 354143 0 0 649058 613587 0 0 551472 867816 0 0 0 0 50807 425929 412196 262175 0 0 0 0 539775 748878 0 132067 0 0 0 0 0 0 0 0 859357 622477 630567 287084 40431 0 324847 631436 0 0 0 0 0 0 0 0 739548 0 0 0 0 0 167578 0 0 0 0 0 0 0 0 0 0 0 0 0 0 0 0 0 309103 356676 798835 999182 124302 987927 529815 0 0 511496 0 0 721549 49834 479582 837246 0 0 0 0 0 0 0 0 0 0 0 0 0 0 0 0 0 0 0 0 0 0 0 0 0 0 0 0 106529 0 0 0
4 11
475182 157711 0 0 119428 0 0 0 0 986485 132840 0 0 0 0
9 465
586672 953303 600493 582742 443481 475489 252270 0 0 85150 0 47802 436763 144872 683010 0 0 0 0 0 873243 0 0 699900 0 0 173626 83792 931602 0 0 0 0 0 0 0 0 0 0 0 0 543656 0 0 0 0 0 509107 886301 0 0 0 0 286566 385949 44878 449256 686300 391922 0 0 0 0 0 0 0 0 0 0 0 0 0 0 0 0 0 0 0 0 0 0 0 0 0 0 0 0 0 0 0 0 0 0 0 0 466833 0 177590 27105 0 0 0 0 0 0 0 0 701304 560714 641038 0 720695 449632 371385 367412 0 610262 0 407496 0 0 0 0 0 0 0 0 0 0 0 0 0 0 0 0 0 0 0 0 0 0 0 0 0 0 0 0 0 0 0 0 0 0 0 0 0 0 0 0 0 0 0 0 0 0 0 0 0 0 0 0 0 0 0 0 0 0 0 0 0 0 0 0 0 0 0 0 0 0 0 0 0 42404 0 0 778995 338227 595656 100730 0 0 0 0 0 0 0 0 0 0 0 0 0 0 0 0 0 470252 0 0 0 392890 0 0 0 955063 29294 581694 573417 525897 0 548056 0 0 350237 233913 0 0 229249 226064 0 0 0 0 0 0 0 0 0 0 0 0 0 0 0 0 0 0 0 0 0 0 0 0 0 0 0 0 0 0 0 0 0 0 0 0 0 0 0 0 0 0 0 0 0 0 0 0 0 0 0 0 0 0 0 0 0 0 0 0 0 0 0 0 0 0 0 0 0 0 0 0 0 0 0 0 0 0 0 0 0 0 0 0 0 0 0 0 0 0 0 0 0 0 0 0 0 0 0 0 0 0 0 0 0 0 0 0 0 0 0 0 0 0 0 0 0 0 0 0 0 0 0 0 0 0 0 0 0 0 0 0 0 0 0 0 0 0 0 0 0 0 0 0 0 0 830904 757476 0 0 0 0 0 578183 840487 603093 0 634260 37504 0 0 0 0 0 0 0 0 0 0 0 0 0 0 0 0 0 0 0 0 0 0 0 0 0 0 0 0 0 0 0 0 0 0 0 0 0 0 0 0 0 0 0 0 454818 0 0 0 0 0 0 485437 790302 0 968631 807924 407844 703609 991640 659274 476996 0 0 42979 762713 0 0 0 0 0 0 593193 820541 0 0 0 0 637300 0 554169 393142 0 0 0 0 0 0 0 0 0 0 0 0 0 0 0 0 0 0 0 0 0 0 0 0 0 0 0 0 0 0 0 0
2 2
216799 115989 0
3 1
599135 199982 0 787324 417147 0 0
5 24
700228 555609 588071 0 879974 0 875563 0 0 14562 475045 0 0 733716 719015 0 0 0 0 30195 248333 63306 0 0 0 0 0 197934 99182 578773 563343
10 657
622583 753666 194562 565847 366366 0 639962 841750 427002 769534 224035 0 0 258419 244640 768430 528807 0 0 0 784873 0 345233 0 0 0 0 666281 525723 0 648256 196081 391691 0 0 0 0 0 0 0 0 221965 263250 0 0 45723 0 0 0 0 0 0 0 0 0 0 734992 336516 17309 0 0 846864 295680 68677 544288 258574 776526 0 0 0 0 0 0 0 0 0 0 0 0 0 0 0 0 463570 984419 511463 0 0 0 0 0 944213 259672 0 0 0 0 0 0 0 0 0 0 0 0 0 0 0 0 0 0 0 0 959589 838200 875912 818498 0 957668 0 0 0 0 730791 439437 685599 61705 931136 872271 237401 0 851121 498234 0 274378 0 0 0 0 0 0 0 0 0 0 0 0 0 0 0 0 0 0 0 0 0 0 0 0 0 0 0 0 0 0 0 0 0 746856 0 99185 209787 0 0 0 0 0 0 0 0 0 0 0 0 769554 202176 815343 0 0 0 0 0 0 0 0 0 0 0 0 0 0 0 0 0 0 0 0 0 0 0 0 0 0 0 0 0 0 0 0 0 0 0 0 0 0 0 0 126920 752742 261843 0 904423 191513 0 603701 0 0 186994 0 0 0 0 0 0 0 0 0 174844 361933 227053 777213 248717 0 0 0 783257 0 672737 857599 0 373941 0 0 212830 923885 467194 690919 0 0 659427 569752 0 0 0 0 0 0 0 0 0 0 0 0 0 0 0 0 0 0 0 0 0 0 0 0 0 0 0 0 0 0 0 0 0 0 0 0 0 0 0 0 0 0 0 0 0 0 0 0 0 0 0 0 0 0 0 0 0 0 0 0 0 0 0 0 0 0 256102 195475 0 0 0 698725 231568 687218 0 0 0 0 0 0 0 0 0 0 0 0 0 0 0 0 0 0 0 0 0 0 0 0 844637 225693 767866 724878 621173 0 0 0 0 0 0 0 0 0 0 0 0 0 0 0 0 0 0 0 0 0 0 0 0 0 0 0 0 0 0 0 0 0 0 0 0 0 0 0 0 0 0 0 0 0 0 0 0 0 0 0 0 0 0 0 0 0 0 0 0 0 0 0 0 0 0 0 0 0 0 0 0 0 0 0 0 0 0 0 0 0 0 549840 0 0 333077 328579 0 0 829017 0 498724 909739 0 0 440126 0 0 0 0 0 0 0 0 0 0 0 0 0 0 0 0 0 0 0 0 0 0 0 0 0 265250 0 883631 643400 369857 0 0 431648 928506 73877 0 0 0 0 0 0 934852 0 0 0 0 766730 931506 672148 0 0 0 50 0 0 0 0 0 910439 0 800934 72399 818796 180096 0 0 0 0 0 870589 142076 0 557511 0 0 0 0 0 0 0 0 0 0 0 0 0 0 0 0 0 0 0 0 0 0 0 0 0 0 0 0 0 0 0 0 0 0 0 0 0 0 0 0 0 0 0 0 0 0 0 0 0 0 0 0 0 0 0 0 0 0 0 0 0 0 0 0 0 0 0 0 0 0 0 0 0 0 0 0 0 0 0 0 0 0 0 0 0 0 0 0 0 0 0 0 0 0 0 0 0 0 0 0 0 0 0 0 0 0 0 0 0 0 0 0 0 0 0 0 0 0 0 0 0 0 0 0 0 0 0 0 0 0 0 0 651597 455398 889856 234169 0 0 0 0 0 0 144240 834397 522002 0 492012 0 0 0 0 0 0 0 0 0 0 0 0 0 0 0 0 0 0 0 0 0 0 0 0 0 0 0 0 0 0 0 0 0 0 0 0 0 0 0 0 0 0 0 0 0 0 0 0 0 269896 649737 873033 666656 622112 843107 415102 427902 145459 294157 0 0 0 0 0 0 0 0 0 0 0 0 0 0 0 0 0 0 0 0 0 0 0 0 0 0 0 0 0 0 0 0 0 0 0 0 0 0 0 0 0 0 0 0 0 0 0 0 0 0 0 0 0 0 0 0 0 0 0 0 0 0 0 0 0 0 0 0 0 0 0 0 0 0 0 0 0 0 0 0 0 0 0 0 0 0 0 0 0 0 0 0 0 0 0 0 0 0 0 0 0 0 0 0 0 0 0 0 0 0 0 0 0 0 0 0 0 0 0 0 0 0 0 0 0 0 0 0 0 0 0 0 0 0 0 0 0 0 0 0 0 0 0 0 0 0 0 0 0 0 0 0 0 0 0 0 0 0 0 0 0 0 0 0 745998 750000 0 0 0 0 518309 417855 0 46878 0 0 0 0 447970 112164 0 0 0 684416 348970 899616 0 0 0 0 291034 672413 0 0 0 0 0 0 0 0 0 0 0 0 0 0 0 0 0 0 0 0 0 0 0 0 0 0 0 0 0 0 0 0 0 0 0 0 0 0 0 0 0 0 0 0 0 0 0 0 0 0 634772 498961 0 0 496742 419983 97278 439519 0 128773 0 0 0 0 0 12200 682523 855705 333136 460450 0 0 0 0 0 0 0 0 0 0 0 0
5 26
211464 0 23200 0 0 522183 0 0 0 0 0 834530 262196 0 0 0 0 0 0 0 0 0 0 315698 0 478182 514584 0 0 0 0
2 0
973509 643915 0
10 993
921722 806708 957102 266638 555568 147510 189169 109995 480593 527606 367432 0 22666 257826 986499 183840 454996 406125 0 0 800419 0 135599 0 0 308865 652122 489464 529742 653728 152610 787881 222944 997323 201148 920480 607472 0 0 0 0 0 707461 0 0 466629 708850 0 0 0 0 364658 0 547816 744139 695878 153772 299724 0 920186 479963 0 434151 165913 398872 149319 412971 140246 953 468874 425621 903865 393933 0 0 0 0 0 0 0 0 0 0 0 0 652211 780984 0 0 0 0 0 747324 316823 923979 0 0 0 0 0 0 0 0 252908 328343 0 0 0 0 477289 513678 448848 417321 755 15450 4206 0 0 0 405573 371832 670960 466425 0 0 165363 819513 16401 648182 0 574281 967941 983061 0 814079 0 873385 0 0 0 0 0 557458 495504 906014 266274 170727 0 0 0 0 0 0 0 0 0 0 0 0 0 0 0 0 0 0 0 0 0 0 0 0 27698 65654 94534 899120 0 0 0 0 0 0 0 0 0 0 83489 332976 116968 996871 877046 135049 0 0 0 0 0 0 0 0 0 0 0 0 0 0 0 0 984654 178696 521274 0 0 0 0 0 0 0 0 0 0 464136 295844 7633 0 0 606356 942173 0 188725 907943 617102 0 545119 0 0 0 0 0 0 811866 416229 328286 0 177707 0 0 389248 0 0 0 0 64588 376761 365675 460677 511740 789600 656319 0 0 0 818006 0 331916 338607 800139 564462 0 0 876650 546357 0 0 435009 921502 0 0 0 0 0 0 0 0 0 0 834161 167701 657849 430999 0 778815 522445 39779 2476 920782 0 0 0 0 0 0 0 0 0 0 0 0 0 0 0 0 0 0 0 0 0 0 0 0 0 0 0 0 0 0 0 0 0 0 0 0 0 0 0 0 0 0 0 0 0 0 0 0 118984 499915 949309 692077 872865 0 766378 885323 0 0 0 0 0 0 0 0 0 0 0 0 0 0 0 0 0 0 0 0 0 521477 797996 0 789050 652437 0 0 0 0 970669 916153 0 0 0 0 0 0 0 0 0 0 0 0 0 0 0 0 0 0 0 0 0 0 0 0 0 0 0 0 0 0 0 0 41034 779792 539246 802301 945343 0 0 0 0 0 0 0 0 0 0 0 0 0 0 0 0 0 0 0 0 0 0 371271 426845 816239 331281 285262 0 0 0 0 0 0 219195 0 0 0 735824 0 0 0 0 836045 0 0 0 123567 0 0 0 0 0 0 0 0 0 0 0 0 0 0 914345 905701 0 0 0 0 185877 652127 0 0 0 0 555988 0 0 0 0 0 0 0 0 0 0 0 974154 0 41261 673057 0 0 630124 70069 568457 0 304326 93909 0 0 0 0 0 0 782288 883960 0 0 978808 0 231765 978069 858818 0 164473 0 0 0 0 0 854365 102499 976453 662977 0 0 0 0 0 510997 216360 151685 0 0 0 0 0 0 0 0 0 0 0 0 0 0 0 0 0 0 0 0 991791 0 712908 134041 786232 0 48144 509480 0 0 433508 473005 250101 401986 0 477483 0 247713 923806 956691 0 0 0 0 0 0 0 0 0 0 0 0 0 0 0 0 0 0 0 0 0 0 0 0 0 0 0 0 0 0 0 0 0 0 0 0 0 0 0 0 0 0 0 0 0 0 0 0 0 0 0 0 0 0 0 0 0 0 0 0 0 0 0 0 0 0 0 0 0 0 0 0 0 0 0 0 0 0 0 0 0 0 0 0 0 0 0 0 0 0 0 0 0 0 0 0 0 64194 483399 39104 174799 755322 0 689322 0 271095 0 0 372512 0 787651 0 0 0 0 0 0 0 0 0 0 0 0 0 0 0 0 0 0 0 0 0 0 0 0 0 0 0 0 0 0 0 0 0 0 0 0 0 0 0 0 0 0 0 0 0 0 374668 0 0 959808 156380 95308 91574 0 0 0 0 0 0 0 0 378371 590236 181790 680986 0 0 0 0 0 0 0 0 0 0 0 0 0 0 0 0 0 0 0 0 0 0 0 0 0 0 0 0 0 0 0 0 0 0 0 0 0 0 0 0 0 0 0 0 0 0 0 0 0 0 0 0 0 0 0 0 0 0 0 0 0 0 0 0 215465 562001 269821 0 940451 946504 211653 796358 221030 0 0 0 0 0 0 0 0 0 0 0 0 0 0 0 0 0 0 0 0 0 0 0 0 0 0 0 0 0 0 0 0 0 0 0 0 0 0 0 0 0 0 0 0 0 798081 869038 339588 218668 940057 0 0 660015 902304 0 0 0 0 0 0 0 0 0 0 0 0 0 16481 168101 0 0 0 0 0 0 282936 450195 0 0 0 0 0 0 0 0 894874 0 0 0 0 0 0 0 661710 266881 0 0 0 0 0 0 0 0 0 0 0 0 0 0 0 0 0 0 0 0 0 0 0 0 0 0 0 0 0 0 0 198817 0 0 0 0 0 0 0 0 474227 160678 657709 59688 0 0 0 0 0 0 0 0 0 149440 0 0 0 0 0 0 0 0 0 0 0 0 0 0 0 0 0 0 0 0 0 0 0 998052 0 0 0 423368 434068 712389 0 0 0 0
8 253
469915 0 0 0 0 0 0 0 0 0 0 0 0 0 0 0 0 0 0 0 0 0 0 0 0 0 0 0 0 0 0 0 0 0 0 0 0 0 0 0 0 0 0 0 0 0 0 0 0 0 0 0 0 0 0 0 0 0 0 0 0 0 0 0 0 0 0 0 0 0 0 0 0 0 0 0 0 0 0 0 0 0 0 0 0 0 0 0 0 0 0 0 0 0 0 0 0 0 0 0 0 0 0 0 0 0 0 0 0 0 0 0 0 0 0 0 0 0 0 0 0 0 0 0 0 0 0 0 0 0 0 0 0 0 0 0 0 0 0 0 0 0 0 0 0 0 0 0 0 0 0 0 0 0 0 0 0 0 0 0 0 0 0 0 0 0 0 0 0 0 0 0 0 0 0 0 0 0 0 0 0 0 0 0 0 0 0 0 0 0 0 0 0 0 0 0 0 0 0 0 0 0 0 0 0 0 0 0 0 0 0 0 0 0 0 0 0 0 0 0 0 0 0 0 0 0 0 0 0 0 0 0 0 0 0 0 0 0 0 0 0 0 0 0 0 0 0 0 0 0 0 0 0 0 0
10 299
513492 9323 0 19321 996728 0 0 926969 354243 617454 450358 0 0 0 0 0 0 320781 0 0 98111 863324 96078 0 0 0 0 0 0 0 0 0 0 0 0 553262 723682 0 0 0 0 383255 872792 841782 720543 469939 761668 0 0 0 0 0 0 0 0 0 0 0 0 0 0 0 0 0 0 0 0 0 0 0 0 960049 486891 602915 548054 0 0 0 0 0 0 0 0 364839 443546 11257 116881 0 0 943167 363774 156151 647301 0 266451 0 0 0 0 0 0 0 0 0 0 0 0 0 0 0 0 0 0 0 0 0 0 0 0 0 0 0 0 0 0 0 0 0 0 0 0 0 0 0 0 0 0 0 0 0 0 0 0 879088 794890 0 654234 438859 900673 184071 0 0 0 0 0 0 0 0 0 0 0 0 0 0 0 0 0 389964 398392 797086 896650 0 444131 80366 855926 0 0 0 0 881564 39833 139532 666602 917417 751850 891802 0 0 0 115493 0 0 0 0 0 0 0 0 0 0 0 0 0 0 0 0 0 0 0 0 0 0 0 0 0 0 0 0 0 0 0 0 0 0 0 0 0 0 0 0 0 0 0 0 0 0 0 0 0 0 0 0 0 0 0 0 0 0 0 0 0 0 0 0 0 0 0 0 0 0 0 0 0 0 0 0 0 0 0 0 0 0 0 0 0 0 0 0 0 0 0 0 0 0 0 0 0 817682 0 0 424843 0 0 957015 573360 93418 265239 380565 160980 917557 951344 0 0 0 0 0 0 0 0 0 0 0 0 0 0 0 0 0 0 0 0 0 0 0 0 0 0 0 0 0 0 0 0 0 0 603119 899114 0 691347 0 36218 689934 0 0 0 928867 190595 80320 554633 891919 1612 0 0 0 0 0 0 0 0 476133 585138 16610 390469 568745 586859 821465 756670 687403 951552 656796 647950 840490 0 0 0 0 0 0 0 0 38251 0 0 0 0 0 0 0 0 0 0 0 0 0 0 0 0 0 0 0 0 0 0 0 0 0 0 0 0 0 0 0 0 0 0 0 0 0 0 0 0 0 0 0 0 0 0 0 0 0 0 0 0 0 0 0 0 0 0 0 0 0 0 0 0 0 0 0 0 0 0 0 0 0 0 0 0 0 0 0 0 0 0 0 0 0 0 0 0 0 0 0 0 0 0 0 0 0 0 0 0 0 0 0 0 0 0 0 0 0 0 0 0 0 0 0 0 0 0 0 0 0 0 0 0 0 0 0 0 0 0 0 0 0 0 0 0 0 0 0 0 0 0 0 0 0 0 0 0 0 0 0 0 0 0 0 0 0 0 0 0 0 0 0 0 0 0 0 0 0 0 0 0 0 0 0 0 0 0 0 0 0 0 0 0 0 0 0 0 0 0 0 0 0 0 0 942909 0 0 0 0 141190 453140 0 0 0 0 680697 333981 204496 45940 516040 587632 964755 570054 853191 270594 0 0 985122 429278 924141 257759 0 0 0 0 0 0 0 0 0 0 0 0 0 0 0 0 0 0 0 0 0 0 0 0 0 0 0 0 0 0 0 0 0 0 0 0 0 0 0 0 0 0 0 0 0 0 0 0 0 0 0 0 0 0 0 0 0 0 0 0 0 0 0 0 0 0 0 0 233036 286478 112101 0 0 0 915571 131966 0 0 881426 0 836646 0 0 0 0 0 0 0 518621 175153 316029 27649 0 334195 167734 478327 585263 311121 905397 149200 0 0 0 0 0 0 0 0 0 0 0 0 0 0 0 0 877411 232168 400822 567 837441 660525 142279 597948 0 512373 873392 624930 0 172364 0 734145 529182 935143 576378 0 936080 853375 0 0 0 232093 0 0 0 0 0 0 0 0 0 0 0 0 0 0 0 0 0 610985 0 0 0 0 0 0 0 0 0 0 0 0 0 0 0 0 0 0 0 0 0 0 0 0 0 0 0 0 0 0 0 0 0 0 0 0 0 0 0 0 0 0 0 0 0 0 0 0 0 0 0 0 0 0 0 0 0 0 0 0 0 0 0 0 0 0 0 0 0 0 0 0 0 0 0 0 0 0 0 0 0 0 0 0 0 0 0 0 0 0 0 0 0 0 0 0 0 0 0 0 0 0 0 0 0 0 0 0 0 0 0 0 0 0 0 0 0 0 0 0 0 0 0 0 0 0 0 0 0 0 0 0 0 0 0 0 0 0 0 0 0 0 0 0 0 0 0 0 0 0 0 0 0 0 0 0 0 0 0 0 0 0 0 0 0 0 0 0 0 0 0 0 0 0 0 0 0 0 0 0 0 0 0 0 0 0 0 0 0 0 0 0 0 0 0 0 0 0 0 0 0 0 0 0 0 0 0 0 0 0 0 0 0 0 0 0 0 0 0 0 0 0 0 0 0 0 0 0 0 0 0 0 0 0 0 0 0 0 0 0 0 0 0 0 0 0 0 0 0 0 0 0 0 0 0 0 0 0 0 0
2 1
846134 156056 335809
2 0
352373 599490 0
10 781
254785 47999 357550 730470 17112 343062 724344 0 0 233988 55307 349384 0 301399 891292 0 0 0 0 0 629460 491529 153296 612292 90210 0 0 764817 516571 47582 6413 0 0 0 0 0 0 0 0 0 0 598783 951714 372518 640137 165317 884636 297337 118276 218768 761449 0 0 0 0 0 0 152735 0 667567 0 0 260505 0 0 0 0 0 0 0 0 0 0 0 0 0 0 0 0 0 0 0 0 281983 840387 265734 373267 382830 0 385237 898254 0 863446 436031 0 0 568750 602556 42384 147181 800012 649042 557948 0 0 0 0 0 0 0 0 0 0 0 0 331596 101345 0 0 0 248998 0 0 0 0 920801 500802 0 0 0 0 0 0 0 0 0 0 0 0 0 0 0 0 0 0 0 0 0 0 0 0 0 0 0 0 0 0 0 0 0 0 0 0 0 0 0 0 0 178678 901742 0 0 669640 412759 0 478863 612924 0 0 0 381171 707957 0 0 0 158595 928420 922558 0 0 0 0 0 832380 227731 965874 286370 0 842404 603541 122704 844215 164157 0 525831 442282 285161 0 0 0 0 0 0 0 0 0 0 0 0 0 0 0 0 0 0 0 0 0 0 0 0 484026 804907 2660 6643 0 0 0 0 0 0 750244 579806 0 0 0 0 0 0 0 0 0 0 870390 0 0 0 0 0 0 0 0 0 0 0 0 0 0 0 0 0 0 0 0 0 0 0 0 0 0 0 0 0 0 0 0 0 0 0 0 0 0 0 0 0 0 0 0 0 0 0 0 0 0 0 0 0 0 0 0 0 0 0 0 0 0 0 0 0 0 0 0 0 0 0 0 0 0 0 0 0 0 0 0 0 0 0 998677 0 663390 544635 0 0 0 0 800722 726790 857772 0 0 0 954904 768687 681132 0 0 0 0 0 0 0 811975 551301 12868 8624 0 0 0 0 0 0 12329 321693 735646 483928 833809 0 0 0 0 0 0 0 0 0 0 0 219968 224519 722364 537350 894193 910458 0 249999 0 0 335495 512598 368999 0 514148 471452 8532 175126 0 85466 0 0 326346 0 0 405679 444594 0 0 0 0 0 0 0 0 0 0 0 0 0 0 0 0 0 0 0 0 0 0 0 0 0 0 0 0 0 0 0 0 0 0 0 0 0 0 0 0 0 0 0 0 0 0 0 0 0 129237 316637 101915 861031 329434 901159 614414 20315 0 0 0 0 0 0 0 0 0 0 0 0 0 779241 0 371695 0 0 0 0 0 0 0 0 0 0 0 0 0 0 0 0 0 0 0 0 0 545567 0 0 0 0 0 0 0 0 0 0 0 0 0 0 0 0 0 0 0 0 0 0 0 0 0 0 0 0 0 0 0 0 0 0 0 0 0 0 0 0 0 0 0 0 0 0 0 0 0 0 0 0 0 0 0 0 0 0 0 0 0 0 0 0 0 0 0 0 0 0 0 0 0 0 0 0 0 0 0 0 0 0 0 0 0 0 0 0 0 0 0 0 0 0 0 0 0 0 0 0 0 0 0 0 0 0 0 0 0 0 0 0 0 0 0 0 0 0 0 0 0 0 0 0 0 0 0 0 0 0 0 0 0 0 0 0 0 0 0 0 0 0 0 0 0 0 0 0 0 0 0 0 0 0 0 0 0 0 0 0 0 0 0 0 0 0 0 740414 0 0 299942 461279 307773 214287 0 0 0 0 0 0 0 0 343925 0 83885 973436 444916 608854 0 0 0 0 0 0 0 163369 544409 149032 458500 812154 0 0 0 0 0 0 0 0 0 0 0 0 0 0 442760 0 505325 3881 309136 61913 0 622694 0 0 0 0 0 0 0 0 0 0 0 0 230957 664436 266551 445029 0 0 307068 239218 142656 779525 0 0 0 0 0 0 0 0 0 0 0 0 0 0 0 0 0 0 0 0 0 0 988841 27035 217056 959287 810478 701119 969624 575203 0 292679 620480 0 0 0 311711 0 0 0 0 0 890169 502890 981439 813575 969419 0 0 0 875937 183396 822013 977582 46781 210663 123524 403285 0 0 37881 794683 0 0 0 0 299977 833632 0 0 0 0 0 32946 974677 411908 0 0 0 0 0 0 0 0 0 0 0 0 0 0 0 0 0 0 0 0 0 0 0 0 0 0 0 0 0 0 0 0 0 0 0 0 0 0 0 0 0 0 0 0 0 0 0 0 0 0 0 0 0 0 0 0 0 0 0 0 0 0 0 0 0 0 0 0 0 0 0 0 0 0 0 0 0 0 0 0 0 0 0 0 0 0 0 0 0 0 0 0 0 0 0 0 0 0 268016 0 491124 0 451067 775016 937382 0 0 0 492745 0 947777 103117 684963 10161 0 0 0 0 0 0 0 0 0 0 0 0 0 0 0 0 0 0 0 0 0 0 0 0 0 0 625409 423432 0 0 121906 952265 0 0 0 0 0 0 0 0 0 0 0 0 0 0 0 0 0 0 0 0 0 0 0 0 0 0 0 0 0 0 0 0 0 0 0 0 0 0 0 0 0 0 0 0 0 0 0 0
2 2
392166 864175 0
7 111
579215 349152 64463 385774 300546 483216 664807 861610 549326 0 503088 0 0 689689 578829 0 202723 0 268170 0 0 0 778394 0 0 0 0 861091 74818 0 588524 0 0 372318 331310 0 0 0 269576 0 0 0 0 0 0 776170 0 0 0 0 0 0 0 0 0 789382 815942 0 289539 0 0 41857 687918 0 0 0 0 0 818210 844103 0 0 0 0 0 0 0 0 0 0 0 0 0 0 0 0 0 0 0 0 0 535631 494864 0 0 0 0 0 0 0 0 0 0 0 0 0 0 0 0 0 0 0 0 270797 36666 0 0 897437 825558 0 0 0 0 790569 433975 144517 278475
1 0
129117
1 1
644892
9 402
662481 715609 23368 460972 116011 655581 951301 372475 590987 913807 636014 571856 338094 0 847915 965126 0 150864 61296 0 914833 0 346454 518719 269746 294934 0 0 0 677064 554625 280461 323493 0 0 533036 731751 0 416005 0 0 328596 807313 0 0 361372 0 0 757875 585377 0 454070 904508 0 0 0 0 0 0 523855 36316 0 125727 640346 405272 135706 200927 0 0 0 0 103119 0 131959 678805 0 0 0 325564 0 0 0 0 86016 284365 131318 359447 0 0 0 0 395405 0 0 0 0 0 132729 855290 638942 660499 0 0 706714 562508 0 143011 0 0 0 0 0 0 0 0 0 0 0 0 193672 807807 621479 103473 0 0 289581 101429 44863 997469 734565 187543 651658 0 0 314077 0 0 0 0 0 0 0 0 293470 0 0 0 25066 971846 606478 0 0 0 0 0 0 0 369623 220402 0 0 0 0 0 0 0 0 223722 696210 389079 405088 0 960005 509305 822552 0 0 0 0 0 0 0 0 0 0 0 0 0 0 0 0 0 0 0 0 791168 0 441150 978737 477570 358074 0 804288 0 0 0 0 905642 482284 40331 621455 0 0 448835 276913 0 0 0 0 0 0 0 0 0 0 0 0 0 0 0 0 0 0 0 0 0 0 0 0 0 0 219813 647893 849339 117655 382273 510584 0 0 0 0 107235 0 966773 229909 546664 274359 833581 0 693177 0 863816 477329 991496 93603 0 0 0 0 0 0 0 0 0 0 0 0 0 0 0 0 0 0 0 0 0 0 579322 0 0 0 0 0 0 0 509301 712408 0 581418 0 348383 0 0 0 0 0 0 0 0 0 0 0 0 0 0 0 222533 696507 416906 0 0 0 0 0 0 0 0 0 0 0 0 0 0 0 0 160395 445206 0 904028 22899 183403 70972 0 0 0 183013 371267 0 908369 365672 229529 0 0 0 0 0 0 0 0 0 0 0 0 0 0 0 0 0 0 0 0 0 0 0 0 0 0 0 0 0 0 0 0 0 0 0 0 0 0 0 0 458169 910869 0 0 613163 581570 920300 756599 968090 0 0 332268 0 0 0 61216 0 0 0 0 0 0 0 0 371991 200633 63729 77105 251010 0 941297 194442 0 0 0 0 13173 0 669828 561019 0 0 0 0 0 0 0 0 0 0 0 0 0 0 0 0 0 0 0 0 0 0 0 0 0 0 0 0 0 0 0 0 0 0 0 0 0 0 0 0 0 0 0 0 0 0 0 0 0 0 0 0 0 257374 145832 0 173842 856284 207730 202632 658640 111638 0 170350 0 0 0 0 0 0 0 0 323670 708854 0 0 659407 161560 998235 943086
6 52
182568 58390 863332 0 355537 40052 616011 0 0 0 896660 952441 977778 543239 722436 0 0 0 0 0 0 10025 20340 25912 311114 497905 112156 0 971297 459122 0 0 0 0 0 0 0 0 0 0 0 0 0 631075 0 869613 680918 754999 144161 274690 614239 531999 313028 904883 592256 0 0 77009 758528 815638 495859 0 0
1 1
72684
2 1
631771 0 0
9 494
112560 992572 47962 364132 330175 938438 30966 0 509814 0 457231 30506 524101 79460 0 0 0 192233 359586 0 0 0 0 443906 446690 930617 723548 409341 997732 0 0 0 0 0 0 432021 671948 36033 327426 0 0 0 0 0 0 0 0 760695 0 544664 0 331703 968603 991711 0 431868 0 0 452059 0 0 0 0 0 0 0 0 0 0 0 0 0 508232 850620 0 0 0 86677 46128 0 0 0 0 0 0 0 0 0 0 0 0 0 0 0 0 124324 773235 0 0 738913 940010 0 0 252828 633865 968252 902060 387261 856192 0 0 633042 930462 0 0 0 0 337170 0 0 0 0 0 0 0 0 0 0 0 0 0 0 0 0 0 0 0 0 0 0 0 0 0 0 0 0 0 125745 193428 0 0 0 0 0 0 200703 0 978373 0 0 0 0 0 0 0 0 0 0 0 0 0 0 0 0 0 0 0 0 0 0 0 0 0 0 0 0 0 0 0 0 0 0 790819 841996 181534 0 0 0 0 400652 93518 924696 0 0 0 0 0 0 971413 0 0 0 0 797731 0 0 930049 118073 202674 0 0 0 0 477062 0 602155 758747 0 0 0 0 0 0 0 0 297121 172384 0 0 0 0 0 0 0 0 0 0 0 0 0 0 0 0 0 0 0 0 0 0 0 0 0 0 0 0 0 0 0 0 0 0 0 0 0 0 0 0 0 0 0 0 0 0 0 0 0 0 0 0 0 0 0 0 0 0 841905 0 575036 0 0 0 0 0 0 0 0 0 0 0 0 0 10533 249656 0 0 0 910580 0 0 0 0 0 0 0 0 0 0 0 0 0 0 0 0 0 0 0 0 0 0 0 0 0 0 0 0 0 0 0 0 0 0 0 0 0 0 0 0 0 0 0 0 0 0 0 0 0 0 0 0 0 0 0 0 0 0 0 0 0 0 0 0 0 0 0 0 827708 415337 78123 445680 998795 0 0 0 0 0 0 0 0 0 0 0 313299 551216 507198 112335 0 0 0 0 0 0 0 0 0 0 0 0 364216 578571 0 0 0 0 0 0 0 0 547502 203274 0 0 0 0 606471 910560 579898 41230 65251 96874 0 0 0 0 0 0 0 0 75623 0 0 0 0 39882 0 508077 0 0 0 0 0 0 0 0 0 0 0 0 0 0 0 0 416397 479530 725907 833180 0 0 0 0 0 0 0 0 0 0 0 0 0 0 0 0 0 0 0 0 0 0 0 0 0 0 0 0 0 0 0 0 0 0 0 0
7 115
460915 543722 617848 654362 999113 128778 599116 0 0 155174 712162 179493 258827 735308 224720 0 0 0 0 943997 438628 0 535019 690146 981319 0 0 340275 261258 886015 730882 0 0 0 0 0 0 0 0 394595 113233 0 285874 0 0 0 918972 5393 828071 121910 975367 0 0 0 0 608995 0 499834 347476 591327 0 485224 348240 0 0 0 0 0 0 0 0 0 0 0 0 0 0 0 0 0 569864 819153 412575 0 0 283824 495913 0 0 0 0 0 0 934583 0 222259 0 325912 959347 395156 773153 795730 0 0 0 0 0 0 0 0 0 711596 752680 0 0 641695 0 0 1545 386364 33007 0 0 991594 680597 212524 0
5 17
742196 699152 723224 429916 677937 732432 0 0 0 0 359993 306975 618461 0 0 0 0 0 0 0 0 0 0 25907 240446 868354 384510 0 0 0 0
5 25
442760 220241 430809 0 842221 0 402854 0 0 206143 121307 0 0 447254 786376 0 0 0 0 473157 793817 851720 515123 0 0 0 0 0 0 191066 0
9 497
585164 0 448348 0 0 752994 169133 0 0 0 0 924759 939280 726197 0 0 0 0 0 0 0 0 0 0 245539 740370 339698 990869 0 0 0 0 0 0 0 0 0 0 0 0 0 0 0 0 0 0 0 0 0 624301 545084 644481 0 785759 858537 0 960243 0 0 0 0 0 0 0 0 0 0 0 0 0 0 0 0 0 0 0 0 0 0 0 0 0 0 0 0 0 0 0 0 0 0 0 0 0 0 0 0 0 0 660089 530932 605554 871072 0 985300 0 0 647415 41392 715901 266727 0 0 0 911499 0 0 0 0 0 0 0 0 0 0 0 0 0 0 0 0 0 0 0 0 0 0 0 0 0 0 0 0 0 0 0 0 0 0 0 0 0 0 0 0 0 0 0 0 0 0 0 0 0 0 0 0 0 0 0 0 0 0 0 0 0 0 0 0 0 0 0 0 0 0 0 0 0 0 0 0 0 0 0 0 0 0 0 0 0 696096 176356 490958 591258 0 582744 223666 0 0 659734 360740 0 0 0 0 844395 980984 0 0 173281 52747 348709 419480 0 0 0 0 0 0 929372 241296 0 0 0 0 0 0 0 0 0 0 0 0 0 0 0 0 0 0 0 0 0 0 0 0 0 0 0 0 0 0 0 0 0 0 0 0 0 0 0 0 0 0 0 0 0 0 0 0 0 0 0 0 0 0 0 0 0 0 0 0 0 0 0 0 0 0 0 0 0 0 0 0 0 0 0 0 0 0 0 0 0 0 0 0 0 0 0 0 0 0 0 0 0 0 0 0 0 0 0 0 0 0 0 0 0 0 0 0 0 0 0 0 0 0 0 0 0 0 0 0 0 0 0 0 0 0 0 0 0 0 0 0 0 0 0 0 0 0 0 0 0 0 0 0 0 0 0 0 0 0 0 0 0 0 0 0 0 0 0 0 0 0 0 0 0 0 0 0 0 0 286127 273266 1105 18123 0 285968 493919 427281 0 0 884355 316328 0 649465 0 0 0 0 714093 831684 341829 878243 0 0 0 0 0 0 0 0 434610 666455 161956 340349 0 0 0 0 0 0 249002 623527 717252 0 607742 601765 0 0 0 0 0 0 0 0 0 0 0 0 47095 248609 0 0 0 0 0 0 0 0 0 0 0 0 0 0 0 0 0 0 0 0 0 0 0 0 0 0 0 0 0 0 0 0 0 0 0 0 0 0 0 0 0 0 0 0 0 0 0 0 0 0
4 10
989819 0 386693 0 0 260420 787920 0 0 0 0 0 951837 450380 0
6 54
84283 0 243628 0 0 95170 344113 0 0 0 0 305223 131940 647873 0 0 0 0 0 0 0 0 0 0 811936 749602 841676 707201 0 0 0 0 0 0 0 0 0 0 0 0 0 0 0 0 0 0 0 0 0 457532 15684 485205 0 775428 769982 981630 835137 0 0 0 0 0 0
9 509
56629 0 0 0 0 0 0 0 0 0 0 0 0 0 0 0 0 0 0 0 0 0 0 0 0 0 0 0 0 0 0 0 0 0 0 0 0 0 0 0 0 0 0 0 0 0 0 0 0 0 0 0 0 0 0 0 0 0 0 0 0 0 0 0 0 0 0 0 0 0 0 0 0 0 0 0 0 0 0 0 0 0 0 0 0 0 0 0 0 0 0 0 0 0 0 0 0 0 0 0 0 0 0 0 0 0 0 0 0 0 0 0 0 0 0 0 0 0 0 0 0 0 0 0 0 0 0 0 0 0 0 0 0 0 0 0 0 0 0 0 0 0 0 0 0 0 0 0 0 0 0 0 0 0 0 0 0 0 0 0 0 0 0 0 0 0 0 0 0 0 0 0 0 0 0 0 0 0 0 0 0 0 0 0 0 0 0 0 0 0 0 0 0 0 0 0 0 0 0 0 0 0 0 0 0 0 0 0 0 0 0 0 0 0 0 0 0 0 0 0 0 0 0 0 0 0 0 0 0 0 0 0 0 0 0 0 0 0 0 0 0 0 0 0 0 0 0 0 0 0 0 0 0 0 0 0 0 0 0 0 0 0 0 0 0 0 0 0 0 0 0 0 0 0 0 0 0 0 0 0 0 0 0 0 0 0 0 0 0 0 0 0 0 0 0 0 0 0 0 0 0 0 0 0 0 0 0 0 0 0 0 0 0 0 0 0 0 0 0 0 0 0 0 0 0 0 0 0 0 0 0 0 0 0 0 0 0 0 0 0 0 0 0 0 0 0 0 0 0 0 0 0 0 0 0 0 0 0 0 0 0 0 0 0 0 0 0 0 0 0 0 0 0 0 0 0 0 0 0 0 0 0 0 0 0 0 0 0 0 0 0 0 0 0 0 0 0 0 0 0 0 0 0 0 0 0 0 0 0 0 0 0 0 0 0 0 0 0 0 0 0 0 0 0 0 0 0 0 0 0 0 0 0 0 0 0 0 0 0 0 0 0 0 0 0 0 0 0 0 0 0 0 0 0 0 0 0 0 0 0 0 0 0 0 0 0 0 0 0 0 0 0 0 0 0 0 0 0 0 0 0 0 0 0 0 0 0 0 0 0 0 0 0 0 0 0 0 0 0 0 0 0 0 0 0 0 0 0 0 0 0
10 984
761300 499573 0 356110 971930 0 0 559089 242262 638699 217402 0 0 0 0 0 660411 379333 162143 557211 286882 0 726937 0 0 0 0 0 0 0 0 0 0 592311 6929 664593 648009 533675 192830 585325 282645 810263 0 0 0 0 822565 0 0 0 0 0 0 0 0 0 0 0 0 0 0 0 0 0 0 0 0 180152 0 0 603916 676807 769651 510126 0 871981 666542 861520 0 0 40901 327436 502594 921815 359148 0 0 0 0 0 0 0 0 120957 696787 0 0 0 0 0 0 0 0 0 0 0 0 0 0 0 0 0 0 0 0 0 0 0 0 0 0 0 0 0 0 0 0 0 0 0 0 0 0 0 0 0 434572 0 0 0 0 610761 941752 615708 902490 434800 263539 870330 635223 0 0 416662 785574 528111 816835 0 186061 0 0 0 0 287818 863406 486960 926229 394285 538703 489590 467315 325591 951221 0 0 0 0 0 0 0 0 0 0 0 0 0 0 0 0 278467 597262 712860 900422 0 0 0 0 0 0 0 0 0 0 0 0 0 0 0 0 0 0 0 0 0 0 0 0 0 0 0 0 0 0 0 0 0 0 0 0 0 0 0 0 0 0 0 0 0 0 0 0 0 0 0 0 0 0 0 0 0 0 0 0 0 0 0 0 0 0 0 0 0 0 0 0 0 0 0 0 0 0 0 0 0 0 0 0 0 0 0 0 0 0 0 0 947101 489768 403267 0 961479 0 0 413290 709192 717009 590007 0 939890 198294 575580 576448 0 0 0 0 34491 693652 0 0 160641 44197 740525 459158 0 0 0 0 0 0 0 0 0 0 0 0 536729 0 371102 952206 0 92380 0 0 91630 572573 0 326480 0 129318 638026 37293 942043 563762 712565 803673 0 0 0 0 0 0 0 0 0 0 0 0 0 0 0 0 0 0 0 0 0 0 0 0 0 0 0 0 0 0 0 0 0 267148 0 37297 0 24177 293134 0 0 0 0 0 0 0 0 0 0 0 0 0 0 0 0 0 0 0 0 0 0 0 0 0 0 0 0 0 0 0 0 0 0 0 0 0 0 0 0 0 0 0 0 0 0 0 0 0 0 0 0 0 0 0 0 0 0 0 0 0 0 0 0 0 0 0 0 0 0 0 0 0 0 0 0 0 0 0 0 0 0 0 0 0 0 0 0 0 0 0 0 0 0 0 0 0 0 0 0 0 0 0 0 0 0 0 0 0 0 0 0 0 0 0 0 0 0 0 0 0 0 0 0 0 0 0 0 0 0 0 0 0 0 0 0 0 0 0 0 0 0 0 0 0 0 0 0 0 0 0 0 0 0 0 0 0 0 0 0 0 0 0 0 0 0 0 0 0 0 0 0 0 0 0 0 0 0 0 0 0 0 0 0 0 0 610954 401252 770244 121304 64989 0 0 282574 966134 0 0 0 0 624865 53211 465891 927954 534161 0 765098 385386 0 0 0 330986 709010 823964 0 81758 384114 641633 0 0 0 0 0 0 0 0 931605 451658 994385 0 0 0 0 0 403386 795295 785027 0 514104 38610 0 0 0 0 0 0 0 0 0 0 0 0 0 0 0 0 0 0 0 0 0 0 0 0 0 0 345820 0 0 0 123110 0 0 0 0 0 893623 779964 0 0 0 0 130097 0 0 0 0 0 0 0 0 0 0 457585 85400 554988 516166 667959 955789 0 960250 0 0 305601 128136 149369 0 0 0 0 0 0 0 0 0 0 0 0 0 0 0 0 0 0 0 0 0 0 0 0 0 0 0 0 0 0 0 0 0 0 0 0 0 0 0 0 0 0 0 0 0 0 0 0 0 0 0 0 0 0 0 0 0 0 0 0 0 0 0 0 0 0 359909 0 0 0 947028 0 0 0 119724 559860 578522 457450 0 0 0 0 0 0 0 0 0 0 0 0 0 0 0 0 0 0 0 0 0 0 0 0 0 0 0 0 0 0 0 0 0 0 0 0 0 0 0 0 0 0 0 0 0 0 0 0 0 0 0 0 0 0 0 0 0 0 0 0 0 0 0 0 0 0 0 0 0 0 0 0 0 0 0 0 0 0 0 0 0 0 0 0 0 0 0 0 0 0 0 0 0 0 0 0 0 0 0 0 0 0 0 0 0 0 0 0 0 0 0 0 0 0 0 0 0 0 0 0 0 0 0 0 0 0 0 0 0 0 0 0 0 0 0 0 0 0 0 0 0 0 0 0 0 0 0 0 0 0 0 0 0 0 0 0 0 0 0 0 0 0 0 0 0 0 0 0 0 0 0 0 0 0 0 0 0 0 0 0 0 0 0 0 0 0 0 0 0 0 0 0 0 0 0 0 0 0 0 0 0 0 0 0 0 0 0 0 0 0 0 0 0 0 0 0 0 0 0 0 0 0 0 0 0 0 0 0 0 0 0 0 0 0 0 0 0 0 0 0 0 0 0 0 0 0 0 0 0 0 0 0 0 0 0 0 0 0
2 2
529184 0 890054
3 3
28890 333874 595905 241690 518739 0 591785
4 6
547535 0 303574 0 0 106377 145403 0 0 0 0 630847 920056 158611 148573
2 0
759522 0 518628
3 6
784636 0 310873 0 0 624452 973423
7 121
242050 0 192485 0 0 839689 0 0 0 0 0 170698 0 0 0 0 0 0 0 0 0 0 0 416311 604625 0 0 0 0 0 0 0 0 0 0 0 0 0 0 0 0 0 0 0 0 0 0 299482 0 0 493646 0 0 0 0 0 0 0 0 0 0 0 0 0 0 0 0 0 0 0 0 0 0 0 0 0 0 0 0 0 0 0 0 0 0 0 0 0 0 0 0 0 0 0 0 52293 0 0 0 0 0 359507 351285 0 0 0 0 0 0 0 0 0 0 0 0 0 0 0 0 0 0 0 0 0 0 0 0
3 4
724705 0 326192 0 0 0 912072
5 1
568257 352650 286861 658597 726112 524749 99190 0 516861 538387 0 912357 892230 534883 299900 0 0 0 52749 0 58885 0 0 41139 230376 0 561046 0 864081 772991 152450
2 1
272501 844651 273248
4 7
387163 354111 568341 478605 190542 882768 84223 866695 358617 29870 0 161150 0 0 504579
5 23
163081 561248 295255 903480 933266 241620 0 735531 0 794191 37673 388743 0 0 0 191181 0 0 0 267101 0 941949 0 337736 860168 0 0 0 0 0 0
8 241
946332 0 679586 0 0 178079 551083 0 0 0 0 756889 704803 27303 858940 0 0 0 0 0 0 0 0 301645 320377 145590 582581 778056 884297 372081 0 0 0 0 0 0 0 0 0 0 0 0 0 0 0 0 0 904280 314600 0 0 613969 0 901594 37149 0 0 790939 0 504423 265345 0 0 0 0 0 0 0 0 0 0 0 0 0 0 0 0 0 0 0 0 0 0 0 0 0 0 0 0 0 0 0 0 0 0 652949 804537 756843 361667 0 0 0 0 518070 0 0 0 728370 557276 0 239766 0 0 0 0 710158 483741 0 0 624291 0 0 561964 0 0 0 0 0 0 0 0 0 0 0 0 0 0 0 0 0 0 0 0 0 0 0 0 0 0 0 0 0 0 0 0 0 0 0 0 0 0 0 0 0 0 0 0 0 0 0 0 0 0 0 0 0 0 0 0 0 0 0 0 0 0 0 0 0 0 0 0 355303 18954 395360 258693 0 470471 680951 0 0 0 0 0 0 0 0 0 893034 0 0 0 0 0 0 0 458317 64029 616033 392656 0 0 738293 815735 0 0 0 0 0 0 0 0 247322 507512 38612 9335 0 0 0 0 563435 137336 0 0 0 0 651261 704042 0 0 0 0 0 0 0 0
2 1
436025 0 0
4 11
973145 789924 0 685424 788301 0 0 267799 3694 334142 652848 0 0 0 0
7 80
740032 466227 651072 0 526409 0 27645 0 0 202018 910601 0 0 0 741764 0 0 0 0 0 505194 0 322075 0 0 0 0 0 0 730470 0 0 0 0 0 0 0 0 0 0 0 195989 388144 0 0 234697 291778 0 0 0 0 0 0 0 0 0 0 0 0 742819 0 0 0 0 0 0 0 0 0 0 0 0 0 0 0 0 0 0 0 0 0 0 0 793501 677936 0 0 0 0 0 0 815238 973628 0 0 0 0 0 0 0 0 0 0 0 0 0 0 0 0 0 0 0 0 0 0 0 0 0 0 232457 0 0 0 0 0 0 0
8 244
508025 757863 232811 0 0 200883 299217 0 0 0 0 356903 0 0 689749 0 0 0 0 0 0 0 0 248970 363546 0 0 0 0 734876 80206 0 0 0 0 0 0 0 0 0 0 0 0 0 0 0 0 0 708648 524796 220304 0 0 0 0 0 0 0 0 388832 0 0 522362 0 0 0 0 0 0 0 0 0 0 0 0 0 0 0 0 0 0 0 0 0 0 0 0 0 0 0 0 0 0 0 0 0 0 101627 0 541650 433992 897292 575194 0 0 0 0 0 0 0 0 0 0 0 0 0 0 0 0 300275 0 0 0 0 0 778739 944808 0 0 0 0 0 0 0 0 0 0 0 0 0 0 0 0 0 0 0 0 0 0 0 0 0 0 0 0 0 0 0 0 0 0 0 0 0 0 0 0 0 0 0 0 0 0 0 0 0 0 0 0 0 0 0 0 0 0 0 0 0 0 0 0 0 0 0 0 386917 97990 0 0 806040 480416 0 374085 581030 103535 530666 715387 0 0 0 0 0 0 0 0 0 0 0 0 0 0 0 0 0 0 0 0 0 0 0 0 0 0 0 0 0 0 0 0 599378 113717 0 0 0 0 0 0 0 0 0 0 0 0 492011 722251
3 4
879820 830463 306067 737724 0 524871 246633
1 0
357524
1 0
911986
3 4
298449 43932 553339 688234 782076 0 0
6 50
983528 0 0 0 0 0 0 0 0 0 0 0 0 0 0 0 0 0 0 0 0 0 0 0 0 0 0 0 0 0 0 0 0 0 0 0 0 0 0 0 0 0 0 0 0 0 0 0 0 0 0 0 0 0 0 0 0 0 0 0 0 0 0
