100
2 1
348541 151749 0
10 1004
240419 0 34553 0 0 0 202069 0 0 0 0 0 0 220967 775523 0 0 0 0 0 0 0 0 0 0 0 0 303947 389852 519489 135588 0 0 0 0 0 0 0 0 0 0 0 0 0 0 0 0 0 0 0 0 0 0 0 0 498401 514229 0 467745 521432 235861 679134 0 0 0 0 0 0 0 0 0 0 0 0 0 0 0 0 0 0 0 0 0 0 0 0 0 0 0 0 0 0 0 0 0 0 0 0 0 0 0 0 0 0 0 0 0 0 0 0 0 199754 151358 908382 11512 0 0 974660 0 0 325194 32550 0 245589 812035 0 0 0 0 0 0 0 0 0 0 0 0 0 0 0 0 0 0 0 0 0 0 0 0 0 0 0 0 0 0 0 0 0 0 0 0 0 0 0 0 0 0 0 0 0 0 0 0 0 0 0 0 0 0 0 0 0 0 0 0 0 0 0 0 0 0 0 0 0 0 0 0 0 0 0 0 0 0 0 0 0 0 0 0 0 0 0 0 0 0 0 0 0 0 0 0 0 0 500078 733476 34135 40356 282587 979690 377184 628613 0 0 0 0 488689 450170 0 0 0 0 852889 363353 29023 0 0 0 0 267311 981680 0 0 0 0 0 0 0 0 0 0 0 0 0 0 0 0 0 0 0 0 0 0 0 0 0 0 0 0 0 0 0 0 0 0 0 0 0 0 0 0 0 0 0 0 0 0 0 0 0 0 0 0 0 0 0 0 0 0 0 0 0 0 0 0 0 0 0 0 0 0 0 0 0 0 0 0 0 0 0 0 0 0 0 0 0 0 0 0 0 0 0 0 0 0 0 0 0 0 0 0 0 0 0 0 0 0 0 0 0 0 0 0 0 0 0 0 0 0 0 0 0 0 0 0 0 0 0 0 0 0 0 0 0 0 0 0 0 0 0 0 0 0 0 0 0 0 0 0 0 0 0 0 0 0 0 0 0 0 0 0 0 0 0 0 0 0 0 0 0 0 0 0 0 0 0 0 0 0 0 0 0 0 0 0 0 0 0 0 0 0 0 0 0 0 0 0 0 0 0 0 131604 207184 134119 826000 833998 632163 117962 106864 829676 0 681088 0 503052 0 0 0 0 0 0 0 0 240755 875688 0 2524 0 0 0 0 0 0 0 0 533886 952501 386167 861678 329598 805016 0 0 0 0 0 0 0 0 0 0 308087 445743 0 0 0 0 0 0 0 0 0 0 0 0 0 0 0 0 0 0 0 0 0 0 0 0 0 0 0 0 0 0 0 0 0 0 0 0 0 0 0 0 0 0 0 0 0 0 0 0 0 0 0 0 0 0 0 0 0 0 0 0 0 0 0 0 0 0 0 0 0 0 0 0 0 0 0 0 0 0 0 0 0 0 0 0 0 0 0 0 0 0 0 0 0 0 0 0 0 0 0 0 0 0 0 0 0 0 0 0 0 0 0 0 0 0 0 0 0 0 0 0 0 0 0 0 0 0 0 0 0 0 0 0 0 0 0 0 0 0 0 0 0 0 0 0 0 0 0 0 0 0 0 0 0 0 0 0 0 0 0 0 0 0 0 0 0 0 0 0 0 0 0 0 0 0 0 0 0 0 0 0 0 0 0 0 0 0 0 0 0 0 0 0 0 0 0 0 0 0 0 0 0 0 0 0 0 0 0 0 0 0 0 0 0 0 0 0 0 0 0 0 0 0 0 0 0 0 0 0 0 0 0 0 0 0 0 0 0 0 0 0 0 0 0 0 0 0 0 0 0 0 0 0 0 0 0 0 0 0 0 0 0 0 0 0 0 0 0 0 0 0 0 0 0 0 0 0 0 0 0 0 0 0 0 0 0 0 0 0 0 0 0 0 0 0 0 0 0 0 0 0 0 0 0 0 0 0 0 0 0 0 0 0 0 0 0 0 0 0 0 0 0 0 0 0 0 0 0 0 0 0 0 0 0 0 0 0 0 0 0 0 0 0 0 0 0 0 0 0 0 0 0 0 0 0 0 0 0 0 0 0 0 0 0 0 0 0 0 0 0 0 0 0 0 0 0 0 0 0 0 0 0 0 0 0 0 0 0 0 0 0 0 0 0 0 0 0 0 0 0 0 827503 749985 0 0 221179 0 0 0 151092 216662 0 0 844266 816894 416685 667769 196382 733003 0 0 324704 0 0 0 353820 221228 0 0 0 0 0 0 0 0 0 0 0 0 0 0 0 0 909181 0 68316 0 0 0 942227 287833 0 0 0 0 0 0 0 0 0 0 0 0 0 0 0 0 0 778873 489195 898760 40933 0 656443 316237 0 0 364709 881125 0 0 0 0 0 0 0 0 0 0 0 0 0 0 0 0 0 0 0 0 154360 808346 0 0 0 0 0 0 0 0 0 0 0 0 0 0 0 0 0 0 0 0 0 0
4 8
529341 0 669543 0 0 0 136681 0 0 0 0 0 0 344780 214457
9 507
213432 0 478091 0 0 300337 793420 0 0 0 0 0 0 3211 0 0 0 0 0 0 0 0 0 0 0 0 0 831400 632025 0 0 0 0 0 0 0 0 0 0 0 0 0 0 0 0 0 0 0 0 0 0 0 0 0 0 0 0 202723 40377 0 0 0 0 0 0 0 0 0 0 0 0 0 0 0 0 0 0 0 0 0 0 0 0 0 0 0 0 0 0 0 0 0 0 0 0 0 0 0 0 0 0 0 0 0 0 0 0 0 0 0 0 0 0 0 0 745394 731043 500538 962160 0 0 0 0 0 0 0 0 0 0 0 0 0 0 0 0 0 0 0 0 0 0 0 0 0 0 0 0 0 0 0 0 0 0 0 0 0 0 0 0 0 0 0 0 0 0 0 0 0 0 0 0 0 0 0 0 0 0 0 0 0 0 0 0 0 0 0 0 0 0 0 0 0 0 0 0 0 0 0 0 0 0 0 0 0 0 0 0 0 0 0 0 0 0 0 0 0 0 0 0 0 0 0 0 0 0 0 0 0 0 0 0 780508 178872 436172 942984 838541 0 246511 855835 0 0 0 0 0 0 0 0 0 0 0 0 0 0 0 0 0 0 0 0 0 0 0 0 0 0 0 0 0 0 0 0 0 0 0 0 0 0 0 0 0 0 0 0 0 0 0 0 0 0 0 0 0 0 0 0 0 0 0 0 0 0 0 0 0 0 0 0 0 0 0 0 0 0 0 0 0 0 0 0 0 0 0 0 0 0 0 0 0 0 0 0 0 0 0 0 0 0 0 0 0 0 0 0 0 0 0 0 0 0 0 0 0 0 0 0 0 0 0 0 0 0 0 0 0 0 0 0 0 0 0 0 0 0 0 0 0 0 0 0 0 0 0 0 0 0 0 0 0 0 0 0 0 0 0 0 0 0 0 0 0 0 0 0 0 0 0 0 0 0 0 0 0 0 0 0 0 0 0 0 0 0 0 0 0 0 0 0 0 0 0 0 0 0 0 0 0 0 0 0 0 0 0 0 0 0 0 0 0 0 0 0 0 0 0 0 0 0 0 0 0 0 0 0 255036 592283 0 129598 749560 388025 161771 377646 351234 67565 0 0 0 0 0 423810 0 0 0 0 0 0 0 0 0 0 0 0 0 0 0 0 0 0 0 0 0 0 0 0 0 0 0 0 0 0 0 0
6 52
332059 260071 659214 797045 833330 894275 17526 735454 346822 731413 857239 668563 839352 385367 696441 210564 932268 320589 22226 0 475939 0 0 812338 600701 204911 0 299189 580647 0 271884 0 0 0 527359 934958 62625 0 0 0 0 923176 831040 0 0 0 0 500571 448982 0 0 552201 646690 0 0 366258 718524 873790 460128 0 0 286365 871474
4 10
655421 959098 602862 854443 236927 676250 616578 525636 603805 0 906705 149674 0 566246 683129
5 19
771749 752158 594874 636194 302789 532210 931214 897798 737290 462702 676758 0 709143 0 584752 839213 228768 304604 140217 0 184532 0 327307 0 0 0 0 0 0 224110 618412
6 60
78513 854715 774372 81673 719958 0 406296 630153 593844 246160 0 0 0 240315 8386 15436 437772 0 455339 275384 0 0 0 0 0 0 0 527255 229352 311718 957802 0 433967 678267 610581 0 0 181685 159322 849793 141181 0 0 0 0 0 0 0 0 0 0 0 0 0 0 0 234573 0 537718 511595 280882 0 161672
3 3
815773 31535 237595 0 861856 0 366669
9 502
846536 0 30200 0 0 523122 0 0 0 0 0 0 192340 0 0 0 0 0 0 0 0 0 0 0 0 66433 402587 0 0 0 0 0 0 0 0 0 0 0 0 0 0 0 0 0 0 0 0 0 0 0 0 786160 38442 0 347226 0 0 0 0 0 0 0 0 0 0 0 0 0 0 0 0 0 0 0 0 0 0 0 0 0 0 0 0 0 0 0 0 0 0 0 0 0 0 0 0 0 0 0 0 0 0 0 0 210829 864878 794351 274316 0 0 58590 687734 0 0 0 0 0 0 0 0 0 0 0 0 0 0 0 0 0 0 0 0 0 0 0 0 0 0 0 0 0 0 0 0 0 0 0 0 0 0 0 0 0 0 0 0 0 0 0 0 0 0 0 0 0 0 0 0 0 0 0 0 0 0 0 0 0 0 0 0 0 0 0 0 0 0 0 0 0 0 0 0 0 0 0 0 0 0 0 0 0 0 0 0 0 0 0 0 358056 0 864631 914611 153986 596605 899649 348322 0 0 0 0 278265 0 408592 601169 0 0 0 0 0 0 0 0 0 0 0 0 0 0 0 0 0 0 0 0 0 0 0 0 0 0 0 0 0 0 0 0 0 0 0 0 0 0 0 0 0 0 0 0 0 0 0 0 0 0 0 0 0 0 0 0 0 0 0 0 0 0 0 0 0 0 0 0 0 0 0 0 0 0 0 0 0 0 0 0 0 0 0 0 0 0 0 0 0 0 0 0 0 0 0 0 0 0 0 0 0 0 0 0 0 0 0 0 0 0 0 0 0 0 0 0 0 0 0 0 0 0 0 0 0 0 0 0 0 0 0 0 0 0 0 0 0 0 0 0 0 0 0 0 0 0 0 0 0 0 0 0 0 0 0 0 0 0 0 0 0 0 0 0 0 0 0 0 0 0 0 0 0 0 0 0 0 0 0 0 0 0 0 0 0 0 0 0 0 0 0 0 139099 531367 0 0 0 557710 583436 0 0 0 0 77310 37415 713649 0 0 0 0 0 0 0 0 0 0 0 79064 0 0 728109 284976 523366 528833 0 0 0 0 0 0 0 0 0 0 0 0 0 0 0 0 0 0 0 0 0 0 0 0 0 0 0 0 0 0 0 0 0 0 0 0 0 0 0 0 0 0 0 0 0 0 0 0 0 0 0 0 0 0 0 0 0 0 0 0 0 0 0 0
10 1009
230256 10516 966994 0 438322 0 0 0 0 0 121901 0 0 0 0 0 0 0 0 0 0 760680 213403 0 0 0 0 0 0 0 0 0 0 0 0 0 0 0 0 0 0 0 0 499927 73462 625149 187068 0 0 0 0 0 0 0 0 0 0 0 0 0 0 0 0 0 0 0 0 0 0 0 0 0 0 0 0 0 0 0 0 0 0 0 0 0 0 0 0 0 764104 499939 5915 0 27855 0 375029 0 0 0 0 0 0 0 0 0 0 0 0 0 0 0 0 0 0 0 0 0 0 0 0 0 0 0 0 0 0 0 0 0 0 0 0 0 0 0 0 0 0 0 0 0 0 0 0 0 0 0 0 0 0 0 0 0 0 0 0 0 0 0 0 0 0 0 0 0 0 0 0 0 0 0 0 0 0 0 0 0 0 154614 0 0 218539 957033 115965 0 0 632871 235475 0 0 164707 0 0 0 0 0 0 0 0 0 0 0 0 0 0 0 0 0 0 0 0 0 0 0 0 0 0 0 0 0 0 0 0 0 0 0 0 0 0 0 0 0 0 0 0 0 0 0 0 0 0 0 0 0 0 0 0 0 0 0 0 0 0 0 0 0 0 0 0 0 0 0 0 0 0 0 0 0 0 0 0 0 0 0 0 0 0 0 0 0 0 0 0 0 0 0 0 0 0 0 0 0 0 0 0 0 0 0 0 0 0 0 0 0 0 0 0 0 0 0 0 0 0 0 0 0 0 0 0 0 0 0 0 0 0 0 0 0 0 0 0 0 0 0 0 0 0 0 0 0 0 0 0 0 0 0 0 0 0 0 0 0 0 0 0 0 0 27812 0 0 0 0 519519 558682 750932 0 0 141499 0 0 0 0 0 230647 752863 609740 0 0 0 0 131021 516486 0 0 0 0 0 0 0 0 0 0 0 0 0 0 0 0 0 0 0 0 0 0 0 0 0 0 0 0 0 0 0 0 0 0 0 0 0 0 0 0 0 0 0 0 0 0 0 0 0 0 0 0 0 0 0 0 0 0 0 0 0 0 0 0 0 0 0 0 0 0 0 0 0 0 0 0 0 0 0 0 0 0 0 0 0 0 0 0 0 0 0 0 0 0 0 0 0 0 0 0 0 0 0 0 0 0 0 0 0 0 0 0 0 0 0 0 0 0 0 0 0 0 0 0 0 0 0 0 0 0 0 0 0 0 0 0 0 0 0 0 0 0 0 0 0 0 0 0 0 0 0 0 0 0 0 0 0 0 0 0 0 0 0 0 0 0 0 0 0 0 0 0 0 0 0 0 0 0 0 0 0 0 0 0 0 0 0 0 0 0 0 0 0 0 0 0 0 0 0 0 0 0 0 0 0 0 0 0 0 0 0 0 0 0 0 0 0 0 0 0 0 0 0 0 0 0 0 0 0 0 0 0 0 0 0 0 0 0 0 0 0 0 0 0 0 0 0 0 0 0 0 0 0 0 0 0 0 0 0 0 0 0 0 0 0 0 0 0 0 0 0 0 0 0 0 0 0 0 0 0 0 0 0 0 0 0 0 0 0 0 0 0 0 0 0 0 0 0 0 0 0 0 0 0 0 0 0 0 0 0 0 0 0 0 0 0 0 0 0 0 0 0 0 0 0 0 0 0 0 0 0 0 0 63625 0 0 0 0 0 0 0 0 1566 0 188393 525413 365583 268733 0 0 0 0 579405 163015 0 0 0 0 0 0 0 0 0 0 829492 656137 563755 0 424774 362829 0 0 0 0 0 0 0 0 727552 975526 702899 0 0 0 0 0 0 0 0 0 0 0 0 0 0 0 0 0 0 0 0 0 0 0 0 0 0 0 0 0 0 0 0 0 0 0 0 0 0 0 0 0 0 0 0 0 0 0 0 0 0 0 0 0 0 0 0 0 0 0 0 0 0 0 0 0 0 0 0 0 0 0 0 0 0 0 0 0 0 0 0 0 0 0 0 0 0 0 0 0 0 0 0 0 0 0 0 0 0 0 0 0 0 0 0 0 0 0 0 0 0 0 0 0 0 0 0 0 0 0 0 0 0 0 0 0 0 0 0 0 0 0 0 0 0 0 0 0 0 0 0 0 0 0 0 0 0 0 0 0 0 0 0 0 0 0 0 0 0 0 0 0 0 0 0 0 0 0 0 0 0 0 0 0 0 0 0 0 0 0 0 0 0 0 0 0 0 0 0 0 0 0 0 0 0 0 0 0 0 0 0 0 0 0 0 0 0 0 0 0 0 0 0 0 0 0 0 0 0 0 0 0 0 0 0 0 0 0 0 0 0 0 0 0 0 0 0 0 0 0 0 0 0 0 0 0 0 0 0 0 0 0 0 0 0 0 0 0 0 0 0 0
10 1003
637402 0 156720 0 0 713831 913852 0 0 0 0 202910 15056 451461 753150 0 0 0 0 0 0 0 0 278480 694404 169316 403213 761008 0 747417 596688 0 0 0 0 0 0 0 0 0 0 0 0 0 0 0 0 0 518030 694586 487309 713039 77269 0 895769 802468 0 0 0 0 127004 276158 897058 0 0 0 0 0 0 0 0 0 0 0 0 0 0 0 0 0 0 0 0 0 0 0 0 0 0 0 0 0 0 0 0 0 0 0 0 179267 944491 0 0 0 0 0 593933 0 0 424856 223161 301745 596526 0 0 0 0 0 0 0 0 337925 0 0 71796 940047 597530 0 0 0 0 0 0 0 0 0 0 0 0 0 0 0 0 0 0 0 0 0 0 0 0 0 0 0 0 0 0 0 0 0 0 0 0 0 0 0 0 0 0 0 0 0 0 0 0 0 0 0 0 0 0 0 0 0 0 0 0 0 0 0 0 0 0 0 0 0 0 0 0 380443 163288 438817 556450 0 0 0 0 0 0 0 0 0 0 657962 275070 0 0 0 0 636159 0 489478 414787 786725 768914 0 0 0 0 0 0 0 0 0 0 0 0 0 0 0 0 0 0 0 947891 0 0 0 0 860100 0 658870 830249 501419 661977 0 0 0 0 0 0 0 0 0 0 0 0 0 0 0 0 0 0 0 0 0 0 0 0 0 0 0 0 0 0 0 0 0 0 0 0 0 0 0 0 0 0 0 0 0 0 0 0 0 0 0 0 0 0 0 0 0 0 0 0 0 0 0 0 0 0 0 0 0 0 0 0 0 0 0 0 0 0 0 0 0 0 0 0 0 0 0 0 0 0 0 0 0 0 0 0 0 0 0 0 0 0 0 0 0 0 0 0 0 0 0 0 0 0 0 0 0 0 0 0 0 0 0 0 0 0 0 0 0 0 0 0 0 0 0 0 0 0 0 0 0 0 0 0 446872 241375 61388 682222 365616 212810 650771 238288 0 0 0 0 0 0 0 0 0 0 0 0 0 0 0 0 0 0 0 0 197482 427998 0 722413 0 0 0 0 0 0 0 0 948079 447504 0 0 369106 385391 728546 0 924745 121611 104972 953785 0 0 0 0 0 0 0 0 0 0 0 0 0 0 0 0 0 0 0 0 0 0 0 0 0 0 0 0 0 0 0 0 0 0 0 0 0 0 547964 202217 0 0 0 0 0 0 0 0 2523 874980 0 0 0 182010 354170 904768 258733 0 347442 0 0 0 0 0 0 0 0 0 0 0 0 0 0 0 0 0 0 0 0 0 0 0 0 0 0 0 0 0 0 0 0 0 0 0 0 0 0 0 0 0 0 0 0 0 0 0 0 0 0 0 0 0 0 0 0 0 0 0 0 0 0 0 0 0 0 0 0 0 0 0 0 0 0 0 0 0 0 0 0 0 0 0 0 0 0 0 0 0 0 0 0 0 0 0 0 0 0 0 0 0 0 0 0 0 0 0 0 0 0 0 0 0 0 0 0 0 0 0 0 0 0 0 0 0 0 0 0 0 0 0 0 0 0 0 0 0 0 0 0 0 0 0 0 0 0 0 0 0 0 0 0 0 0 0 0 0 0 0 0 0 0 0 0 0 0 0 0 0 0 0 0 0 0 0 0 0 0 0 0 0 0 0 0 0 0 0 0 0 0 0 0 0 0 0 0 0 0 0 0 0 0 0 0 0 0 0 0 0 0 0 0 0 0 0 0 0 0 0 0 0 0 0 0 0 0 0 0 0 0 0 0 0 0 0 0 0 0 0 0 0 0 0 0 0 0 0 0 0 0 0 0 0 0 0 0 0 0 0 0 0 0 0 0 0 0 0 0 0 0 0 0 0 0 0 0 0 0 0 0 0 0 0 0 0 0 0 0 0 641606 910879 420642 0 0 309951 640122 532264 0 109992 291939 136966 720656 285412 916124 332463 0 0 0 0 0 0 0 0 0 0 0 0 0 0 0 0 0 0 0 0 0 0 0 0 0 0 0 0 0 0 0 0 0 0 0 0 0 0 0 0 957222 0 0 396130 0 0 944982 716837 0 0 0 0 0 0 0 0 0 0 0 0 0 0 0 0 0 462144 683554 782516 0 0 0 0 807566 0 39915 602793 612830 164716 0 0 0 0 0 256500 938506 609541 589881 787016 0 0 0 0 0 0 0 0 0 0 0 0 0 0 0 0 0 0 0 0 0 0 0 0 0 0 0 0 0 0 0 0 0 0 0 0 0 0 0 0 0 0 0 0 0 0 0 0 0 0 0 0 0 0 0 0 0 0 0 0 0 0 0 0 0 0 0 0 0 0 0 0 0 0 0 0 0 167744 0 79297 0 0 0 0 0 0 0 0 0 0 0 0 0 0 0 0 527042 846053 0 212798 0 0 0 0 0 0 707655 399336 174536 508953 203438 574078 736835 669160 0 0 881390 530584 0 0
6 20
707692 750562 93055 0 0 256249 0 0 0 0 0 315999 104212 0 0 0 0 0 0 0 0 0 0 675453 125880 617412 0 0 0 0 0 0 0 0 0 0 0 0 0 0 0 0 0 0 0 0 0 341107 33743 742018 622328 0 247350 0 0 0 0 0 0 0 0 0 0
3 4
196645 16252 584519 440962 0 0 332424
4 3
325670 0 844710 0 0 990585 467697 0 0 0 0 847031 645760 956678 548588
1 0
364841
4 3
964010 0 911688 0 0 0 0 0 0 0 0 0 0 0 0
1 0
320383
3 4
742207 135625 569564 342097 0 716991 980873
7 117
611515 396860 153809 819317 37350 0 933244 907394 337840 435085 370656 0 0 857182 829836 0 484770 759885 0 959519 847386 0 0 0 0 0 0 0 846744 537698 0 0 0 606625 0 952523 672190 0 0 0 246196 0 208169 0 0 0 0 0 0 0 0 0 0 0 0 0 0 340102 35588 29407 639653 0 0 0 0 0 0 644600 109005 0 0 852989 908612 0 0 0 0 0 0 0 0 586958 805914 0 0 33909 855073 0 0 0 0 0 0 0 0 0 0 0 0 0 0 0 0 0 0 0 0 0 0 0 0 0 0 0 0 340613 638972 788110 489359 0 201980 882437 0 0 0 0 0
9 502
847224 0 865347 0 0 743632 198372 0 0 0 0 707855 0 373221 0 0 0 0 0 0 0 0 0 0 33444 0 0 875385 0 0 0 0 0 0 0 0 0 0 0 0 0 0 0 0 0 0 0 0 0 906333 35198 0 0 0 0 367660 0 0 0 0 0 0 0 0 0 0 0 0 0 0 0 0 0 0 0 0 0 0 0 0 0 0 0 0 0 0 0 0 0 0 0 0 0 0 0 0 0 0 0 760837 114981 74990 0 0 0 0 0 0 0 0 0 363006 0 0 0 0 0 0 0 0 0 0 0 0 0 0 0 0 0 0 0 0 0 0 0 0 0 0 0 0 0 0 0 0 0 0 0 0 0 0 0 0 0 0 0 0 0 0 0 0 0 0 0 0 0 0 0 0 0 0 0 0 0 0 0 0 0 0 0 0 0 0 0 0 0 0 0 0 0 0 0 0 0 0 0 0 0 0 0 580144 911929 0 0 0 436952 0 0 0 0 0 0 0 0 0 0 0 0 0 0 0 0 0 0 0 631000 0 0 0 0 0 0 0 0 0 0 0 0 0 0 0 0 0 0 0 0 0 0 0 0 0 0 0 0 0 0 0 0 0 0 0 0 0 0 0 0 0 0 0 0 0 0 0 0 0 0 0 0 0 0 0 0 0 0 0 0 0 0 0 0 0 0 0 0 0 0 0 0 0 0 0 0 0 0 0 0 0 0 0 0 0 0 0 0 0 0 0 0 0 0 0 0 0 0 0 0 0 0 0 0 0 0 0 0 0 0 0 0 0 0 0 0 0 0 0 0 0 0 0 0 0 0 0 0 0 0 0 0 0 0 0 0 0 0 0 0 0 0 0 0 0 0 0 0 0 0 0 0 0 0 0 0 0 0 0 0 0 0 0 0 0 0 0 0 0 0 0 0 0 0 399818 0 315564 874987 0 0 0 0 0 0 177474 514115 0 0 0 0 0 0 0 0 0 0 0 0 0 0 0 0 0 0 0 0 0 0 0 0 0 0 0 0 0 0 0 0 0 0 0 0 0 0 386233 165277 0 0 0 0 0 0 0 0 0 0 0 0 0 0 0 0 0 0 0 0 0 0 0 0 0 0 0 0 0 0 0 0 0 0 0 0 0 0 0 0 0 0 0 0 0 0 0 0 0 0 0 0 0 0 0 0 0 0 0 0
1 1
840462
1 0
895965
2 1
775561 879230 897026
5 21
27614 76824 469735 700496 740251 937658 185063 679711 600084 185112 482195 543565 0 0 61697 0 0 67191 610351 982197 192101 370372 0 0 860745 0 0 0 0 200292 344527
4 6
274225 669868 317322 63108 427023 851394 288565 520107 780370 0 0 350879 0 316111 0
1 1
817278
4 9
378710 931737 706664 654549 360957 269961 920491 0 123284 0 0 0 331475 462496 158214
6 55
525404 838886 8843 571605 91157 368707 389997 0 66954 0 352670 0 0 726316 226164 0 0 0 787872 0 0 0 582965 0 0 0 0 91901 106271 0 473167 0 0 0 0 0 0 0 0 0 0 0 0 0 0 34706 476315 0 0 0 0 0 0 0 0 113688 235260 944344 565182 0 0 194720 771061
4 11
750113 33111 0 621274 670654 0 0 65270 295190 722451 27339 0 0 0 0
3 4
760249 861244 316790 0 0 64418 0
7 105
226068 513630 796993 0 509005 0 154911 0 0 675922 428424 0 0 766903 315948 0 0 0 0 171880 0 174276 902499 0 0 0 0 609438 398441 0 33295 0 0 0 0 0 0 0 0 0 228690 0 0 303478 527980 35172 476305 0 0 0 0 0 0 0 0 939259 553868 888972 323279 0 0 492090 147875 0 0 0 0 0 0 0 0 0 0 0 0 0 0 0 0 0 0 787579 52382 0 0 0 0 396652 462253 0 665700 0 0 780991 833309 0 0 0 0 0 0 0 0 0 0 0 0 0 0 0 0 790376 841528 110978 278937 445724 134755 671493 593269 0 0 0 0 720879 646625 200663 55085
2 0
757221 338463 764884
9 284
769640 197846 15901 772380 181375 0 792839 251374 128936 537768 0 0 0 908862 204616 126313 473418 0 586950 0 0 0 0 0 0 0 0 175377 0 134501 170870 429674 912093 0 525927 0 0 701292 664166 0 0 0 0 0 0 0 0 0 0 0 0 0 0 0 0 308771 513328 0 0 551226 702612 674255 0 232403 82429 69516 614713 0 0 0 631579 0 0 0 0 529521 61508 283604 0 0 0 0 0 0 0 0 0 0 0 0 0 0 0 0 0 0 0 0 0 0 0 0 0 0 0 0 0 0 0 0 0 33072 962379 890852 0 0 0 0 0 35506 908636 0 77330 581464 0 0 0 247840 64353 992376 225707 725839 409483 0 0 0 0 0 0 0 0 529180 310902 0 0 0 0 0 0 0 0 959450 0 431542 809155 459320 476112 0 0 0 0 0 0 0 0 0 0 0 0 0 0 0 0 0 0 0 0 0 0 0 0 0 0 0 0 0 0 0 0 0 0 0 0 0 0 0 0 0 0 0 0 0 0 0 0 0 0 0 0 0 0 0 0 0 0 0 0 0 0 0 0 0 0 0 896112 885254 0 0 0 0 0 0 0 0 0 0 0 0 0 0 0 396449 869923 0 0 452088 0 879406 0 0 0 0 0 0 0 223328 327788 644722 642441 614217 0 349805 672580 866007 524069 945779 278590 0 0 0 0 0 0 0 0 0 0 0 0 0 0 0 0 864866 0 672620 103833 0 0 0 0 0 0 0 0 0 0 0 0 0 0 0 0 225501 0 0 0 652846 0 60374 0 34414 819953 495797 246065 0 0 0 0 0 0 0 0 0 0 0 0 0 0 0 0 0 0 0 0 0 0 0 0 0 0 0 0 0 0 0 0 0 0 0 0 0 0 0 0 0 0 0 0 0 0 0 0 0 0 0 0 0 0 0 0 0 0 0 0 0 0 0 0 0 0 0 0 0 0 0 0 0 0 0 0 0 0 0 0 0 0 0 0 0 0 0 0 0 0 0 0 0 0 0 0 0 0 0 0 0 0 0 0 0 0 0 0 0 0 0 0 0 0 0 0 0 0 0 0 0 0 0 0 0 0 0 0 0 0 0 0 0 0 79380 859965 0 0 0 0 0 0 0 0 0 0 0 0 0 0 0 0 0 0 0 0 0 0 0 0 0 0 0 0 0 0 0 0 548210 470708 323877 0 0 0 0 0 904653 561746 0 0 8775 726037 0 0 0 0 0 0 0 0 0 0 0 0 0 0
6 59
737714 602653 622771 450939 539440 255580 487522 159863 783354 0 141188 0 161227 683383 250020 842690 0 353994 0 0 0 0 908605 0 0 53972 407436 83850 808002 253642 279433 443598 0 0 0 0 559204 0 0 0 0 0 0 0 0 0 110158 0 0 0 0 77204 499839 890381 0 38589 0 573848 536404 0 769706 714586 413822
2 1
976746 0 254881
10 1008
232186 822869 923006 544331 100769 18956 851895 0 970608 588090 0 0 0 717936 0 0 0 0 0 0 348493 0 0 0 0 0 0 293615 314527 0 0 0 0 0 0 0 0 0 0 0 0 878713 622662 0 0 0 0 0 0 0 0 0 0 0 0 924422 305638 2221 426150 0 0 0 0 0 0 0 0 0 0 0 0 0 0 0 0 0 0 0 0 0 0 0 0 621432 9260 237991 367304 0 0 0 0 0 0 0 0 0 0 0 0 0 0 0 0 0 0 0 0 0 0 0 0 0 0 84636 0 633797 907169 435670 594385 0 0 0 0 0 0 0 0 0 0 0 0 0 0 0 0 0 0 0 0 0 0 0 0 0 0 0 0 0 0 0 0 0 0 0 0 0 0 0 0 0 0 0 0 0 0 0 0 0 0 957572 0 0 419127 207339 669243 0 0 0 0 0 0 0 0 0 0 0 0 0 0 0 0 0 0 0 0 0 0 0 0 0 0 0 0 0 0 0 0 0 0 0 0 0 0 0 0 0 0 0 0 0 0 0 0 0 0 0 0 0 99641 0 0 919845 71131 863334 346481 382455 0 448488 366147 0 0 0 0 0 0 0 0 0 0 0 0 0 0 0 0 0 0 0 0 0 0 0 0 0 0 0 0 0 0 0 0 0 0 0 0 0 0 0 0 0 0 0 0 0 0 0 0 0 0 0 0 0 0 0 0 0 0 0 0 0 0 0 0 0 0 0 0 0 0 0 0 0 0 0 0 0 0 0 0 0 0 0 0 0 0 0 0 0 0 0 0 0 0 0 0 0 0 0 0 106865 866431 0 0 0 0 0 0 0 0 800567 794117 0 0 0 0 0 0 0 0 0 0 0 0 0 0 0 0 0 0 0 0 0 0 0 0 0 0 0 0 0 0 0 0 0 0 0 0 0 0 0 0 0 0 0 0 0 0 0 0 0 0 0 0 0 0 0 0 0 0 0 0 0 0 0 0 0 0 0 0 0 0 0 0 0 0 0 0 0 0 0 0 0 0 0 0 0 0 0 0 0 0 0 0 0 0 0 0 0 0 0 0 0 0 0 0 0 0 0 833512 0 0 0 0 567667 263029 964439 832164 637270 0 147999 561213 352958 4200 0 0 440884 427982 0 168576 0 0 0 0 0 0 0 0 0 0 0 0 0 0 0 0 0 0 0 0 0 0 0 0 0 0 0 0 0 0 0 0 0 0 0 0 0 0 0 0 0 0 0 0 0 0 0 0 0 0 0 0 0 0 0 0 0 0 0 0 0 0 0 0 0 0 0 0 0 0 0 0 0 0 0 0 0 0 0 0 0 0 0 0 0 0 0 0 0 0 0 0 0 0 0 0 0 0 0 0 0 0 0 0 0 0 0 0 0 0 0 0 0 0 0 0 0 0 0 0 0 0 0 0 0 0 0 0 0 0 0 0 0 0 0 0 0 0 0 0 0 0 0 0 0 0 0 0 0 0 0 0 0 0 0 0 0 0 0 0 0 0 0 0 0 0 0 0 0 0 0 0 0 0 0 0 0 0 0 0 0 0 0 0 0 0 0 0 0 0 0 0 0 0 0 0 0 0 0 0 126039 408987 309978 982320 0 0 0 0 0 0 0 0 0 0 0 0 0 0 0 0 433320 678977 391060 307020 0 0 0 0 0 0 0 0 0 0 0 0 0 0 0 0 0 0 0 0 0 0 0 0 0 0 0 0 0 0 0 0 0 0 0 0 0 0 0 0 0 0 0 0 0 0 0 0 0 0 0 0 0 0 0 0 0 0 0 0 0 0 0 0 0 0 0 0 0 0 0 0 0 0 0 0 0 0 0 0 0 0 0 0 0 0 0 0 0 0 0 0 0 0 0 0 0 0 0 0 0 0 0 0 0 0 0 0 0 0 0 0 0 0 0 0 0 0 0 0 0 0 0 0 0 0 0 0 0 0 0 0 0 0 0 0 0 0 0 0 0 0 0 0 0 0 0 0 0 0 0 0 0 0 0 0 0 0 0 0 0 0 0 0 0 0 0 0 0 0 0 0 0 0 0 0 0 0 0 0 0 0 0 0 0 0 0 0 0 0 0 0 0 0 0 0 0 0 0 0 0 0 0 0 0 0 0 0 0 0 0 0 0 0 230189 519054 0 0 0 0 0 0 0 0 0 531497 829507 0 152655 423085 91123 485063 0 536506 0 0 165579 883754 0 944615 0 696061 236815 87014 0 0 0 0 887849 0 148941 226258 0 0 0 317642 0 0 0 0 0 0 0 0 0 0 0 0 0 0 0 0 0 0 0 0 0 0 0 0 0 0 0 0 0 0 0 0 0 0 0 0 0 0 0 0 0 0 0 0 0 0 0 0 0 0 0 0 0 0 0 0 0 0 0 0 0 0 0 0
5 24
113892 175259 743575 406479 306724 0 166811 263298 66169 326988 274997 0 0 0 0 0 281973 689154 628714 0 271581 0 287018 0 0 0 0 0 0 0 0
4 14
19262 88937 455699 154958 751281 291401 297046 243600 210836 593602 444935 528690 0 0 0
8 196
585943 0 483365 0 0 708161 928386 0 0 0 0 0 212895 0 0 0 0 0 0 0 0 0 0 0 0 612039 422944 0 0 0 0 0 0 0 0 0 0 0 0 0 0 0 0 0 0 0 0 0 0 0 0 9074 214880 0 536822 0 0 0 0 0 0 0 0 0 0 0 0 0 0 0 0 0 0 0 0 0 0 0 0 0 0 0 0 0 0 0 0 0 0 0 0 0 0 0 0 0 0 0 0 0 0 0 0 298725 13476 964642 979835 0 0 887737 542057 0 0 0 0 0 0 0 0 0 0 0 0 0 0 0 0 0 0 0 0 0 0 0 0 0 0 0 0 0 0 0 0 0 0 0 0 0 0 0 0 0 0 0 0 0 0 0 0 0 0 0 0 0 0 0 0 0 0 0 0 0 0 0 0 0 0 0 0 0 0 0 0 0 0 0 0 0 0 0 0 0 0 0 0 0 0 0 0 0 0 0 0 0 0 0 0 700818 329464 172799 543866 478143 328344 781202 0 0 0 0 0 0 951096 0 409737 0 0 0 0 0 0 0 0 0 0 0 0 0 0 0 0 0 0 0 0 0 0 0 0 0 0 0 0 0 0 0 0
1 1
492210
9 177
635945 336682 184111 0 0 216203 0 0 0 0 0 0 0 0 0 0 0 0 0 0 0 0 0 0 0 0 0 0 0 0 0 0 0 0 0 0 0 0 0 0 0 0 0 0 0 0 0 0 0 0 0 0 0 0 0 0 0 0 0 0 0 0 0 0 0 0 0 0 0 0 0 0 0 0 0 0 0 0 0 0 0 0 0 0 0 0 0 0 0 0 0 0 0 0 0 0 0 0 0 0 0 0 0 0 0 0 0 0 0 0 0 0 0 0 0 0 0 0 0 0 0 0 0 0 0 0 0 0 0 0 0 0 0 0 0 0 0 0 0 0 0 0 0 0 0 0 0 0 0 0 0 0 0 0 0 0 0 0 0 0 0 0 0 0 0 0 0 0 0 0 0 0 0 0 0 0 0 0 0 0 0 0 0 0 0 0 0 0 0 0 0 0 0 0 0 0 0 0 0 0 0 0 0 0 0 0 0 0 0 0 0 0 0 0 0 0 0 0 0 0 0 0 0 0 0 0 0 0 0 0 0 0 0 0 0 0 0 0 0 0 0 0 0 0 0 0 0 0 0 0 0 0 0 0 0 0 0 0 0 0 0 0 0 0 0 0 0 0 0 0 0 0 0 0 0 0 0 0 0 0 0 0 0 0 0 0 0 0 0 0 0 0 0 0 0 0 0 0 0 0 0 0 0 0 0 0 0 0 0 0 0 0 0 0 0 0 0 0 0 0 0 0 0 0 0 0 0 0 0 0 0 0 0 0 0 0 0 0 0 0 0 0 0 0 0 0 0 0 0 0 0 0 0 0 0 0 0 0 0 0 0 0 0 0 0 0 0 0 0 0 0 0 0 0 0 0 0 0 0 0 0 0 0 0 0 0 0 0 0 0 0 0 0 0 0 0 0 0 0 0 0 0 0 0 0 0 0 0 0 0 0 0 0 0 0 0 0 0 0 0 0 0 0 0 0 0 0 0 0 0 0 0 0 0 0 0 0 0 0 0 0 0 0 0 0 0 0 0 0 0 0 0 0 0 0 0 0 0 0 0 0 0 0 0 0 0 0 0 0 0 0 0 0 0 0 0 0 0 0 0 0 0 0 0 0 0 0 0 0 0 0 0 0 0 0 0 0 0 0 0 0 0 0 0 0 0 0 0 0 0 0
1 0
195802
9 494
248288 866871 113322 310295 0 853651 865594 706371 871535 0 0 317457 782021 637637 301583 0 0 129471 910117 0 0 0 0 599343 408026 988691 377318 0 0 866559 0 0 0 0 0 0 395634 727685 6354 0 0 0 0 0 0 0 0 839736 127113 0 923431 0 0 0 700142 0 0 0 0 0 558690 0 0 0 0 0 0 0 0 0 0 0 0 78091 9390 538170 0 251947 0 0 0 0 0 0 0 0 0 0 0 0 0 0 0 0 0 532816 0 736054 285376 0 0 974575 76082 0 0 0 0 0 0 892717 53199 0 0 0 0 0 0 0 0 0 0 463954 234195 0 0 0 0 0 0 0 0 0 0 0 0 0 0 0 0 0 0 0 0 0 0 0 0 652609 901407 678553 0 900693 303290 0 0 108535 0 0 0 0 0 0 0 0 0 0 0 0 0 0 0 0 0 0 0 0 0 0 0 0 0 0 0 0 0 0 0 0 0 0 0 352104 803604 0 0 132882 647307 0 0 0 0 0 0 540558 713193 700632 375291 0 0 0 0 0 0 0 0 0 0 0 0 699007 401299 265611 109566 0 0 0 0 0 0 0 0 0 0 0 0 0 0 0 0 0 0 0 0 409893 493100 455712 586367 0 0 0 0 0 0 0 0 0 0 0 0 0 0 0 0 0 0 0 0 0 0 0 0 0 0 0 0 0 0 0 0 0 0 0 0 0 0 0 0 0 0 0 0 0 0 0 0 144830 628375 123807 194702 0 188450 0 0 0 475879 604982 264129 0 0 0 0 922841 303138 0 0 0 0 0 0 0 0 0 0 0 0 0 0 0 0 0 0 0 0 0 0 0 0 0 0 0 0 0 0 0 0 0 0 0 0 0 0 0 0 0 0 0 0 0 0 0 0 0 0 0 0 0 0 0 0 0 0 0 0 0 0 0 0 0 0 0 0 0 0 0 771918 936752 191911 0 0 0 0 862103 23089 628120 0 0 0 0 0 0 0 0 0 0 0 0 0 646128 994956 0 71704 0 0 655005 555342 0 0 0 0 0 0 0 0 0 0 0 0 0 0 0 0 0 0 0 0 0 0 0 0 0 903667 872450 0 365889 638225 0 0 0 0 0 0 0 0 0 0 0 0 0 0 0 0 0 0 0 0 0 0 0 0 0 0 0 0 0 0 0 0 0 0 0 0 0 0 0 0 0 0 0 473788 2852 208989 0 109424 319774 980701 0 0 0 0 0 0 0 0 0 0 0 0 0 0 0 0
8 243
221527 745009 73237 0 874417 310710 174671 0 0 276068 583549 154517 0 0 573316 0 0 0 0 360136 920769 568114 0 802918 46811 0 0 0 0 568654 508815 0 0 0 0 0 0 0 0 995057 111831 805464 0 0 61918 0 0 0 0 646001 0 0 0 0 0 0 0 0 0 757693 680843 168621 516424 0 0 0 0 0 0 0 0 0 0 0 0 0 0 0 0 0 0 0 239507 669868 115142 0 0 0 0 203329 0 0 0 0 0 0 0 0 0 193407 997845 0 0 0 0 0 0 0 0 0 0 0 0 0 0 0 0 0 0 593117 0 181544 402835 751634 0 904258 470394 0 0 0 0 0 0 0 0 0 0 0 0 0 0 0 0 0 0 0 0 0 0 0 0 0 0 0 0 0 0 0 0 0 0 0 0 0 0 111145 269692 713626 514390 234467 594952 0 0 0 0 0 0 0 0 289551 81238 0 0 0 0 0 0 0 0 0 0 0 0 0 0 0 0 0 0 676092 154096 0 0 0 0 0 0 0 0 0 0 0 0 0 0 0 0 0 0 0 0 0 0 0 0 0 0 0 0 0 0 0 0 0 0 0 0 0 0 0 345472 0 0 957445 703407 0 677805 0 561718 0 0 294593 568847 79757 872400
8 199
500949 484851 497507 0 662821 0 622604 0 0 140464 609160 0 0 543580 419100 0 0 0 0 307227 907607 889395 870976 0 0 0 0 819280 0 292895 237017 0 0 0 0 0 0 0 0 909720 817150 545448 209305 28843 0 344979 0 0 0 0 0 0 0 0 0 134172 718591 0 0 666378 0 257017 907572 0 0 0 0 0 0 0 0 0 0 0 0 0 0 0 0 810720 0 488595 518259 849553 0 82314 297085 0 891524 0 0 619489 319045 0 0 0 0 0 0 0 0 0 0 0 0 0 0 0 0 0 0 199691 0 349865 127854 0 0 0 0 0 574299 0 0 532442 233991 0 56174 0 0 0 0 0 0 0 0 0 0 0 0 0 0 0 0 0 0 0 0 0 0 0 0 0 0 0 0 0 0 0 0 515696 215052 0 0 0 316605 994912 659084 778070 957334 0 0 873898 199159 498622 0 0 0 0 578978 0 0 0 0 795075 206121 290084 772527 0 0 0 0 0 0 0 0 0 0 0 0 0 0 0 0 0 0 0 0 0 0 0 0 0 0 0 0 0 0 0 0 0 0 0 0 867942 0 0 0 388660 462857 0 873313 0 0 0 0 0 0 0 0 0 0 41724 440576 0 0 0 0 674448 104745 70449 969685 0 0 115133 177615
6 16
679266 508266 701810 0 961087 933985 19600 0 0 0 310070 356566 575804 227822 22645 0 0 0 0 0 0 0 37615 0 0 973169 192149 0 0 333394 448440 0 0 0 0 0 0 0 0 0 0 0 0 0 0 853290 0 0 0 0 0 0 548363 11730 540570 0 0 0 0 0 673391 199371 741069
2 1
204790 223065 340586
7 118
671659 478716 106890 588107 44735 0 0 821422 992759 198187 0 0 0 0 0 221474 0 0 71180 0 245922 0 0 0 0 0 0 0 0 0 0 968906 419406 0 0 0 0 257157 0 0 0 548670 625609 0 0 0 0 0 0 0 0 0 0 0 0 0 0 0 0 0 0 0 0 0 1622 793385 189285 0 0 0 0 0 0 0 0 814369 474938 0 0 0 0 0 0 581059 0 506168 893136 0 0 0 0 0 0 0 0 0 0 0 0 0 0 0 0 0 0 0 0 0 0 0 0 0 0 0 0 0 0 0 0 0 0 0 0 0 0 0 0
6 51
985898 188342 495291 127762 0 0 996520 859644 859811 0 0 0 0 616203 189359 599804 476213 360525 170110 0 0 0 0 0 0 0 0 904633 748856 197786 440251 0 56256 156970 77987 424779 854614 357317 140829 0 0 0 0 0 0 0 0 0 0 0 0 0 0 0 0 847764 145230 728448 913037 0 715589 0 187851
9 285
16831 0 0 0 0 0 0 0 0 0 0 0 0 0 0 0 0 0 0 0 0 0 0 0 0 0 0 0 0 0 0 0 0 0 0 0 0 0 0 0 0 0 0 0 0 0 0 0 0 0 0 0 0 0 0 0 0 0 0 0 0 0 0 0 0 0 0 0 0 0 0 0 0 0 0 0 0 0 0 0 0 0 0 0 0 0 0 0 0 0 0 0 0 0 0 0 0 0 0 0 0 0 0 0 0 0 0 0 0 0 0 0 0 0 0 0 0 0 0 0 0 0 0 0 0 0 0 0 0 0 0 0 0 0 0 0 0 0 0 0 0 0 0 0 0 0 0 0 0 0 0 0 0 0 0 0 0 0 0 0 0 0 0 0 0 0 0 0 0 0 0 0 0 0 0 0 0 0 0 0 0 0 0 0 0 0 0 0 0 0 0 0 0 0 0 0 0 0 0 0 0 0 0 0 0 0 0 0 0 0 0 0 0 0 0 0 0 0 0 0 0 0 0 0 0 0 0 0 0 0 0 0 0 0 0 0 0 0 0 0 0 0 0 0 0 0 0 0 0 0 0 0 0 0 0 0 0 0 0 0 0 0 0 0 0 0 0 0 0 0 0 0 0 0 0 0 0 0 0 0 0 0 0 0 0 0 0 0 0 0 0 0 0 0 0 0 0 0 0 0 0 0 0 0 0 0 0 0 0 0 0 0 0 0 0 0 0 0 0 0 0 0 0 0 0 0 0 0 0 0 0 0 0 0 0 0 0 0 0 0 0 0 0 0 0 0 0 0 0 0 0 0 0 0 0 0 0 0 0 0 0 0 0 0 0 0 0 0 0 0 0 0 0 0 0 0 0 0 0 0 0 0 0 0 0 0 0 0 0 0 0 0 0 0 0 0 0 0 0 0 0 0 0 0 0 0 0 0 0 0 0 0 0 0 0 0 0 0 0 0 0 0 0 0 0 0 0 0 0 0 0 0 0 0 0 0 0 0 0 0 0 0 0 0 0 0 0 0 0 0 0 0 0 0 0 0 0 0 0 0 0 0 0 0 0 0 0 0 0 0 0 0 0 0 0 0 0 0 0 0 0 0 0 0 0 0 0 0 0 0 0 0 0 0 0 0 0 0 0 0 0 0 0 0 0 0 0 0 0 0 0
2 1
653857 566963 125563
6 52
910265 11961 30463 898327 506629 979201 811457 523397 850084 0 484932 0 874845 588352 703487 248504 418633 584367 681481 0 0 0 343835 0 0 749903 959433 987626 805023 906614 191443 0 263996 499823 250229 0 270330 0 604975 0 0 0 0 0 0 872090 0 0 0 0 0 191861 816253 0 0 0 748414 0 865789 930481 900811 56510 986063
10 1009
538221 0 687341 0 0 526993 787547 0 0 0 0 884170 342986 0 0 0 0 0 0 0 0 0 0 997612 421117 324198 0 0 0 0 0 0 0 0 0 0 0 0 0 0 0 0 0 0 0 0 0 903040 583852 654814 41158 954546 504382 0 0 0 0 0 0 0 0 0 0 0 0 0 0 0 0 0 0 0 0 0 0 0 0 0 0 0 0 0 0 0 0 0 0 0 0 0 0 0 0 0 0 438442 0 0 978810 0 35683 0 473094 0 879630 321651 82489 0 0 0 0 0 0 0 0 0 0 0 0 0 0 0 0 0 0 0 0 0 0 0 0 0 0 0 0 0 0 0 0 0 0 0 0 0 0 0 0 0 0 0 0 0 0 0 0 0 0 0 0 0 0 0 0 0 0 0 0 0 0 0 0 0 0 0 0 0 0 0 0 0 0 0 0 0 0 0 0 0 0 0 0 746409 0 0 0 0 0 354484 859458 0 0 372936 0 0 0 994725 229704 0 0 812358 0 276045 104105 0 617364 0 0 0 0 0 0 0 0 0 0 0 0 0 0 0 0 0 0 0 0 0 0 0 0 0 0 0 0 0 0 0 0 0 0 0 0 0 0 0 0 0 0 0 0 0 0 0 0 0 0 0 0 0 0 0 0 0 0 0 0 0 0 0 0 0 0 0 0 0 0 0 0 0 0 0 0 0 0 0 0 0 0 0 0 0 0 0 0 0 0 0 0 0 0 0 0 0 0 0 0 0 0 0 0 0 0 0 0 0 0 0 0 0 0 0 0 0 0 0 0 0 0 0 0 0 0 0 0 0 0 0 0 0 0 0 0 0 0 0 0 0 0 0 0 0 0 0 0 0 0 0 0 0 0 0 0 0 0 0 0 0 0 0 0 0 0 0 0 0 0 0 0 0 0 0 0 0 0 0 0 463417 670798 118499 0 0 0 0 0 691565 343631 0 0 0 0 0 0 0 20382 0 210164 0 0 0 0 0 957540 0 0 678936 232146 169411 897961 0 0 0 559659 0 0 0 0 0 0 0 0 0 0 0 0 0 0 0 0 0 0 0 0 0 0 0 0 0 0 0 0 0 0 0 0 0 0 0 0 0 0 0 0 0 0 0 0 0 0 0 0 0 0 0 0 0 0 0 0 0 0 0 0 0 0 0 0 0 0 0 0 0 0 0 0 0 0 0 0 0 0 0 0 0 0 0 0 0 0 0 0 0 0 0 0 0 0 0 0 0 0 0 0 0 0 0 0 0 0 0 0 0 0 0 0 0 0 0 0 0 0 0 0 0 0 0 0 0 0 0 0 0 0 0 0 0 0 0 0 0 0 0 0 0 0 0 0 0 0 0 0 0 0 0 0 0 0 0 0 0 0 0 0 0 0 0 0 0 0 0 0 0 0 0 0 0 0 0 0 0 0 0 0 0 0 0 0 0 0 0 0 0 0 0 0 0 0 0 0 0 0 0 0 0 0 0 0 0 0 0 0 0 0 0 0 0 0 0 0 0 0 0 0 0 0 0 0 0 0 0 0 0 0 0 0 0 0 0 0 0 0 0 0 0 0 0 0 0 0 0 0 0 0 0 0 0 0 0 0 0 0 0 0 0 0 0 0 0 0 0 0 0 0 0 0 0 0 0 0 0 0 0 0 0 0 0 0 0 0 0 0 0 0 0 0 0 0 0 0 0 0 0 0 0 0 0 0 0 0 0 0 0 0 0 0 0 0 0 0 0 0 0 0 0 0 0 0 0 0 0 0 0 0 0 0 0 0 0 0 0 0 0 0 0 0 0 0 0 0 0 0 0 0 0 0 0 0 0 0 0 0 0 0 0 70288 0 537418 102741 474613 0 0 0 0 0 0 0 0 0 0 137817 792990 0 0 0 0 0 0 0 0 0 0 0 0 0 0 0 0 503052 474931 0 0 0 605020 0 0 0 0 0 0 0 0 0 0 0 0 0 0 0 0 0 697383 795608 824871 104156 72080 952394 0 0 0 0 0 0 0 357176 7322 0 0 0 0 0 0 0 0 0 0 0 0 0 0 0 0 0 0 0 0 0 0 0 0 0 0 0 0 0 0 0 0 0 0 0 0 0 0 0 0 0 0 0 0 0 0 0 0 0 0 0 0 0 0 0 0 0 0 0 0 0 0 0 0 0 0 0 0 0 0 0 0 0 0 0 0 0 0 0 0 0 0 0 0 0 0 0 0 0 0 0 0 0 0 0 0 0 0 0 0 0 0 0 0 0 0 0 0 0 0 0 0 0 0 0 0 0 0 0 0 0 0 0 0 0 0 0 0 0 0 0 0 0 0 0 0 0 0 0 0 0 0 0 0 0 0 0 0 0 0 0 0 0 0 0 0 0 0 0 0
2 1
106068 582731 455037
10 2
170471 502954 528220 317163 199576 0 616990 725926 860469 321430 842284 0 0 679343 832068 979945 0 151128 503824 161674 344562 593525 772005 0 0 0 0 242713 6284 0 0 717 42334 0 0 0 741764 0 547975 0 88694 877299 471715 0 0 345773 883106 0 0 0 0 0 0 0 0 732314 734000 413726 220668 0 0 0 0 896970 0 0 706282 0 0 0 0 0 0 724440 362424 0 0 86579 838904 0 0 153418 0 288551 0 0 510577 0 0 0 0 0 860629 0 316968 0 0 0 0 0 0 0 0 0 0 0 0 0 0 0 0 240871 0 0 363688 261510 371929 821324 153343 0 0 0 0 0 0 0 0 894697 508195 0 0 0 0 872839 410717 0 0 0 0 0 0 0 0 0 0 0 0 424789 154802 945000 119503 0 0 0 0 0 0 993536 319113 0 0 0 0 536161 740644 0 0 171023 0 0 0 0 0 0 0 0 0 0 0 0 0 0 0 0 0 824961 40851 0 0 392701 536687 0 0 0 0 0 0 0 0 0 0 0 0 0 0 0 0 0 0 0 0 0 0 0 0 0 0 0 0 0 0 0 0 760478 301086 0 0 0 0 0 183916 643674 0 993613 493196 791206 366751 773228 379406 0 0 0 0 0 0 0 0 0 0 0 0 0 0 0 0 390754 0 0 0 0 0 0 0 0 0 0 0 139151 0 0 301246 0 0 0 0 0 0 0 0 0 0 0 0 0 0 0 0 0 0 0 0 0 0 0 0 3348 0 0 509658 614664 503376 862180 406511 0 0 0 0 0 0 0 0 0 0 0 0 813488 91237 65470 0 0 0 0 0 0 0 0 0 933505 0 145711 620877 0 0 0 0 649654 222779 0 0 0 0 0 0 0 0 0 0 0 0 0 0 0 0 0 0 0 0 0 0 0 0 0 0 0 0 0 0 0 0 0 0 204254 965776 0 99864 0 0 0 0 0 0 0 0 0 0 0 0 0 0 0 0 0 0 0 0 0 0 0 0 0 0 0 0 0 0 0 0 0 0 0 0 0 0 0 0 0 0 0 0 0 0 0 0 0 0 0 0 0 0 0 0 0 0 0 0 0 0 0 0 0 0 0 0 0 0 0 0 180438 134377 841937 0 0 0 0 0 0 0 0 0 0 0 288726 560665 479930 0 0 0 801126 0 541350 979589 409206 43568 741229 0 302787 492340 609688 458938 0 0 0 0 0 0 0 0 0 0 0 0 0 0 0 0 0 0 0 0 0 0 0 0 0 0 0 0 0 0 0 0 0 323134 0 0 0 0 0 0 0 0 0 0 0 0 0 0 0 0 0 0 0 0 0 0 0 696002 0 0 0 0 0 0 0 0 0 0 0 0 0 0 0 0 0 0 0 0 0 0 0 0 0 0 0 0 0 0 0 0 0 0 0 0 0 0 0 0 0 0 0 0 0 0 0 0 0 0 0 0 0 0 74291 164790 0 0 0 0 389580 0 426803 845755 422829 838464 77582 126881 940277 97298 0 0 0 0 0 0 0 0 0 0 0 0 0 0 0 0 0 0 0 0 0 0 0 0 623392 76164 375486 0 789682 549278 0 0 0 0 0 0 0 0 0 0 0 0 0 0 0 0 0 0 302699 624931 0 0 362360 26488 645397 885669 0 0 0 0 0 0 0 0 680773 201948 301776 852604 0 0 0 0 0 0 0 0 0 0 0 0 0 0 0 0 0 0 0 0 0 0 0 0 0 0 0 0 0 0 0 0 0 0 0 0 0 0 0 0 0 0 0 0 0 0 0 0 0 0 0 0 0 0 0 0 0 0 0 0 0 0 0 0 0 0 0 0 679915 0 107870 38664 0 0 258770 0 0 0 0 0 0 0 0 0 0 0 0 0 0 0 0 0 0 0 0 0 0 0 0 0 0 0 0 0 0 0 0 0 0 0 0 0 0 0 0 0 0 0 0 0 0 0 0 0 0 0 0 0 0 0 0 0 0 0 0 0 0 0 0 0 0 0 0 0 0 0 0 0 0 0 0 0 0 0 0 0 0 0 0 0 0 0 0 0 0 0 0 0 0 0 0 0 0 0 0 0 0 0 0 0 0 0 0 0 0 0 0 0 0 0 0 0 0 0 0 0 0 0 0 0 0 0 0 0 0 0 0 0 0 0 0 0 0 0 0 0 0 0 0 0 140078 0 0 43431 0 659429 0 0 0 0 0 0 0 0 0 0 0 0 0 0 0 0 0 0 0 0 0 0 128418 0 141281 477664 0 614379 0 0 0 0 0 0 79868 315256 0 0 233167 940400 318706 508882 9414 243870 673869 0 780407 0 0 0 686723 343632 0 655639 704714 381422 353784 524663 0 0 0 0 0 0 0 0 0 0 0 0 0 0 0 0 0 0 0 0 0 0 0 0 0 0 0 0 0 0 0 0 0 0 0 0 0 0 0 0 0 0 0 0 0 0 0 0 0 0 0 0 0 0 0 0 0 0 0 0 0 0 0 0
9 416
733569 428586 204603 396488 0 101189 35932 316777 0 0 0 592126 107391 466908 909667 0 0 0 0 0 0 0 0 115580 419283 0 572403 297843 743719 629288 0 0 0 0 0 0 0 0 0 0 0 0 0 0 0 0 0 921227 0 189620 0 0 0 382038 239290 650093 0 875581 612886 478638 388272 0 0 0 0 0 0 0 0 0 0 0 0 0 0 0 0 0 0 0 0 0 0 0 0 0 0 0 0 0 0 0 0 0 0 0 950559 0 0 802047 842490 0 0 0 0 0 0 0 399996 371839 795760 153180 686586 0 0 184561 125625 477663 976561 0 805396 0 0 0 0 0 0 0 0 0 0 0 0 0 0 0 0 0 0 0 0 0 0 0 0 0 0 0 0 0 0 0 0 0 0 0 0 0 0 0 0 0 0 0 0 0 0 0 0 0 0 0 0 0 0 0 0 0 0 0 0 0 0 0 0 0 0 0 0 0 0 0 0 872658 62899 0 0 0 0 426244 219674 32416 0 0 0 0 0 0 0 0 0 0 0 0 0 0 0 979274 306149 345593 173089 575308 81310 339620 218951 752588 728619 0 0 0 0 101853 993173 0 767573 285086 551196 928474 2780 0 0 0 0 0 0 0 0 0 0 0 0 0 0 0 0 0 0 0 0 0 0 0 0 0 0 0 0 0 0 0 0 0 0 0 0 0 0 0 0 0 0 0 0 0 0 0 0 0 0 0 0 0 0 0 0 0 0 0 0 0 0 0 0 0 0 0 0 0 0 0 0 0 0 0 0 0 0 0 0 0 0 0 0 0 0 0 0 0 0 0 0 0 0 0 0 0 0 0 0 0 0 0 0 0 0 0 0 0 0 0 0 0 0 0 0 0 0 0 0 0 0 0 0 0 0 0 0 0 0 0 0 0 0 0 0 0 0 0 0 0 0 0 0 0 0 0 0 768985 660628 431355 382684 0 0 0 0 0 0 0 0 694745 707955 902881 696303 0 705320 0 0 0 0 0 0 0 0 0 0 0 0 0 0 0 0 0 0 0 0 0 0 0 0 0 0 0 0 0 0 797166 0 558282 818034 504234 0 63082 891574 740380 798786 308739 825771 908654 186799 617651 199217 158937 656205 0 345434 0 0 0 0 0 0 0 0 577532 296493 694627 0 0 0 142295 497277 0 0 920764 618532 385303 0 444951 0 0 0 0 0 0 0 0 0 0 0 0 0 0 0 0 0 0 0 0 0 0 0 0 0 0 0 0 0 0 0 0 0
3 3
270182 383527 729060 591786 918799 527990 0
9 495
71663 306423 796880 230007 0 154573 124695 0 128410 0 0 0 722302 0 223176 0 0 377152 370166 0 0 0 0 0 0 433554 457156 0 0 0 521496 0 0 0 0 900370 805103 521830 0 0 0 0 0 0 0 0 0 0 0 0 0 415548 318546 279912 430359 0 0 0 0 0 0 339538 0 0 0 0 0 0 0 0 0 0 985642 34780 0 755098 679562 0 0 0 0 0 0 0 0 0 0 0 0 0 0 0 0 0 0 0 0 0 0 0 0 0 0 0 197394 824491 115541 0 788042 0 448429 0 0 0 0 0 0 0 0 0 0 0 0 814492 270627 0 0 0 0 0 0 0 0 0 0 0 0 0 0 0 0 0 0 0 0 217919 775239 517841 394922 0 0 850861 984643 800881 45832 0 0 0 0 0 0 0 0 0 0 0 0 0 0 0 0 0 0 0 0 0 0 0 0 0 0 0 0 0 0 0 0 0 0 0 0 0 0 0 0 0 0 0 0 0 0 0 0 0 0 0 0 0 0 809135 0 0 223225 760479 685243 0 0 818025 0 0 0 492991 867800 0 0 0 0 0 0 0 0 0 0 0 0 0 0 0 0 0 0 0 0 0 0 0 0 476924 352984 106858 540719 0 0 0 0 0 0 0 0 0 0 0 0 0 0 0 0 0 0 0 0 0 0 0 0 0 0 0 0 0 0 0 0 0 0 0 0 0 0 0 0 656525 270695 155942 26952 978272 0 0 0 0 0 0 0 0 992029 0 167494 803911 0 195333 63387 0 0 0 0 0 0 0 0 0 0 0 0 0 0 0 0 0 0 0 0 0 0 0 0 0 0 0 0 0 0 0 0 0 0 0 0 0 0 0 0 0 0 0 0 0 0 0 0 0 0 0 0 0 0 0 0 0 0 0 0 0 0 0 0 0 0 0 0 0 0 0 0 0 0 0 0 0 0 0 0 0 0 0 0 0 0 0 0 0 0 0 0 0 0 0 0 0 0 0 0 0 0 0 0 0 0 0 0 0 0 0 0 0 0 105209 40190 0 0 0 0 0 0 0 0 815463 606677 0 0 0 0 0 0 648839 926489 93275 349213 0 0 0 0 0 0 0 0 0 0 0 0 0 0 0 0 0 0 0 0 0 0 0 0 0 0 0 0 0 0 0 0 0 0 0 0 0 0 0 0 0 0 0 0 0 0 0 0 455664 428338 404409 63967 0 0 0 871031 0 0 0 0 0 0 0 0
1 0
585492
9 189
123192 0 167983 0 0 745212 776464 0 0 0 0 270357 144154 798925 125867 0 0 0 0 0 0 0 0 385330 0 511082 0 175639 0 521306 0 0 0 0 0 0 0 0 0 0 0 0 0 0 0 0 0 515529 647641 0 0 229823 75679 0 0 834060 321105 0 0 0 795972 0 0 0 0 0 0 0 0 0 0 0 0 0 0 0 0 0 0 0 0 0 0 0 0 0 0 0 0 0 0 0 0 0 0 638377 0 260115 260762 0 0 0 0 44284 773456 0 0 0 0 0 0 891416 35543 749549 0 0 0 0 0 0 0 926055 992992 0 0 0 0 0 0 0 0 0 0 0 0 0 0 0 0 0 0 0 0 0 0 0 0 0 0 0 0 0 0 0 0 0 0 0 0 0 0 0 0 0 0 0 0 0 0 0 0 0 0 0 0 0 0 0 0 0 0 0 0 0 0 0 0 0 0 0 0 632954 200676 0 0 879202 804048 0 0 0 0 0 0 0 0 0 0 330591 369605 0 221607 0 0 0 0 0 0 0 0 0 0 0 0 113396 477128 400601 496231 0 949706 0 0 0 0 0 0 0 0 0 0 0 0 0 0 0 765064 395311 312144 0 0 0 0 0 0 0 0 0 0 0 0 0 0 0 0 0 0 0 0 0 0 0 0 0 0 0 0 0 0 0 0 0 0 0 0 0 0 0 0 0 0 0 0 0 0 0 0 0 0 0 0 0 0 0 0 0 0 0 0 0 0 0 0 0 0 0 0 0 0 0 0 0 0 0 0 0 0 0 0 0 0 0 0 0 0 0 0 0 0 0 0 0 0 0 0 0 0 0 0 0 0 0 0 0 0 0 0 0 0 0 0 0 0 0 0 0 0 0 0 0 0 0 0 0 0 0 0 0 0 0 0 0 0 0 0 0 970730 0 346713 0 0 0 0 531522 242460 929762 0 0 0 0 0 0 0 0 0 0 0 0 0 0 0 0 0 0 0 0 0 97154 725334 753774 389063 0 0 84326 0 0 0 0 0 0 0 0 0 0 0 0 0 0 0 0 0 0 0 0 0 0 0 0 0 998236 136607 0 799317 90962 475415 513342 92109 0 0 909137 586249 0 0 0 0 0 0 0 0 0 0 0 0 0 0 0 0 0 0 0 0 0 0 0 0 0 0 0 0 0 0 498248 649015 0 532214 927667 0 0 0 0 0 0 0 0 0 0 0 0 0 0 0 0 0
6 56
414450 0 738796 0 0 41376 415111 0 0 0 0 382209 773865 997213 899720 0 0 0 0 0 0 0 0 421579 0 709196 404102 799708 247708 437222 57973 0 0 0 0 0 0 0 0 0 0 0 0 0 0 0 0 103474 0 0 0 0 597004 947265 9352 367625 106917 0 504307 0 228667 0 0
2 1
703097 63142 0
5 19
47208 279056 625308 205702 657056 763763 543669 339536 693761 568096 570277 505097 995950 873565 290749 990241 868983 0 594955 179987 567434 388583 395054 434790 0 86716 237549 29243 748572 808656 115878
8 239
649587 0 498035 0 0 504024 824026 0 0 0 0 461098 790493 236496 0 0 0 0 0 0 0 0 0 0 0 691863 456361 146518 756297 0 0 0 0 0 0 0 0 0 0 0 0 0 0 0 0 0 0 0 0 0 0 289558 0 897146 547313 800470 0 0 0 0 0 0 0 0 0 0 0 0 0 0 0 0 0 0 0 0 0 0 0 0 0 0 0 0 0 0 0 0 0 0 0 0 0 0 0 0 0 0 0 0 0 0 0 835078 584378 0 0 667810 0 277987 863180 237611 446711 0 0 0 0 0 0 0 0 0 0 0 0 0 0 0 0 0 0 0 0 0 0 0 0 0 0 0 0 0 0 0 0 0 0 0 0 0 0 0 0 0 0 0 0 0 0 0 0 0 0 0 0 0 0 0 0 0 0 0 0 0 0 0 0 0 0 0 0 0 0 0 0 0 0 0 0 0 0 0 0 0 0 0 0 0 0 0 0 0 0 0 0 0 0 927700 0 990428 889681 0 0 0 0 611703 176727 0 0 804567 188742 192220 462012 882625 194574 0 0 0 0 0 0 0 0 0 0 0 0 0 0 0 0 0 0 0 0 0 0 0 0 0 0 0 0 0 0
4 12
138825 277389 0 0 209149 0 0 0 0 0 16394 0 0 0 0
9 496
701336 766701 123876 365962 375840 214078 743600 997539 0 217370 723697 358035 903306 375373 0 0 0 0 0 256636 0 819126 0 0 0 104129 524236 446499 343960 0 0 0 0 0 0 0 0 0 0 0 580960 0 0 808181 120295 0 0 0 0 0 0 0 481426 874648 986422 112491 0 618246 0 0 0 0 0 0 0 0 0 0 0 0 0 0 0 0 0 0 0 0 0 0 0 585942 583504 0 0 0 0 0 732566 974075 0 0 0 0 0 0 0 0 0 0 0 0 0 0 0 556312 455988 120256 689981 320904 0 0 315974 0 0 0 502655 0 0 0 0 0 0 0 0 0 0 0 0 0 0 0 0 0 0 0 0 0 0 0 0 0 0 0 0 0 0 0 0 0 0 0 0 0 0 0 0 0 0 0 0 0 0 627566 437947 0 86312 0 0 0 0 0 0 0 0 0 0 775757 207016 838072 639912 0 0 0 0 0 0 0 0 0 0 0 0 0 0 0 0 0 0 0 0 0 0 0 0 0 0 0 0 0 0 0 999112 598015 0 799352 488239 205805 56257 390881 0 0 0 0 0 393670 292892 0 0 0 0 0 0 313957 209888 0 0 0 0 0 0 0 0 0 0 0 0 0 0 0 0 0 0 0 0 0 0 0 0 0 0 0 0 0 0 0 0 0 0 0 0 0 0 0 0 0 0 0 0 0 0 0 0 0 0 0 0 0 0 0 0 0 0 0 0 0 0 0 0 0 0 0 0 0 0 0 0 0 0 0 0 0 0 0 0 0 0 0 0 0 0 0 0 0 0 0 0 789423 586038 363330 781977 0 0 256028 0 0 0 0 0 0 0 0 0 0 0 0 0 0 0 0 0 0 0 0 0 652342 253957 0 788495 0 891474 936689 0 0 0 0 0 0 0 0 0 0 0 0 0 0 0 0 0 0 0 0 0 0 0 0 0 0 0 0 0 0 0 0 0 0 0 0 0 0 0 0 0 0 0 0 0 0 0 0 0 0 0 0 0 0 0 0 0 0 0 0 0 0 0 975012 0 442272 0 0 0 94207 350693 0 921770 994855 119271 790317 0 120315 620703 0 0 0 0 0 0 0 0 0 0 0 334194 861822 0 0 0 0 0 0 0 0 0 0 0 0 0 146811 915164 172830 0 0 0 0 0 0 0 0 0 0 0 0 0 0 0 0 0 0 0 0 0 0 0 0 0 0 0 0 0 0 0 0 0 0 0 0 0 0 0 0 0
9 106
189054 347455 817063 299406 0 185257 32828 890234 209241 0 0 233878 87948 281774 758236 482334 713516 742146 523306 0 0 0 0 861952 0 0 226879 0 2173 79364 698865 736446 513979 680844 166021 0 425296 301385 0 0 0 0 0 0 0 0 0 269905 493106 0 0 0 0 524475 575409 0 0 662915 151058 3129 0 271109 367109 657711 214288 23325 199513 243021 235654 510016 933680 0 0 0 611514 366441 0 0 0 0 0 0 0 0 0 0 0 0 0 0 0 0 0 0 0 578172 301876 311116 0 0 0 0 0 0 0 0 0 71471 919611 0 941680 0 0 0 0 712474 0 95249 0 789232 257695 0 0 564212 25266 780812 156722 0 734653 55286 0 50438 311540 119854 316879 0 683411 85705 0 0 0 956610 670417 0 0 0 0 0 0 0 227257 69158 459932 0 0 0 0 0 0 0 0 0 0 0 0 0 0 0 0 0 0 0 0 0 0 0 0 0 0 0 0 0 0 0 0 0 0 0 0 0 0 0 0 217292 562642 289839 0 0 0 0 0 0 0 0 0 0 0 0 0 0 0 0 0 0 0 40542 0 251961 503007 0 0 30079 228108 0 0 0 0 0 0 0 0 777488 856989 0 0 47638 440159 0 0 37290 0 405034 32541 0 0 0 0 667618 163820 579895 279279 0 532522 464158 242354 0 0 820044 991145 455989 251848 0 0 445935 0 345082 4386 270794 528102 889827 149554 0 0 66627 862685 0 52706 0 0 0 0 0 0 0 380177 365858 107751 0 0 0 0 0 0 0 0 0 0 0 0 0 0 647966 349353 0 513566 560173 226599 0 0 0 0 0 0 0 0 0 0 0 0 0 0 0 0 0 0 0 0 0 0 0 0 0 0 0 0 0 0 0 0 0 0 0 0 0 0 0 0 0 0 0 0 0 0 0 0 0 0 0 0 0 0 0 0 0 0 0 0 0 0 0 0 0 0 0 0 0 0 0 0 0 0 0 0 0 0 0 0 0 0 369383 91630 645471 901055 0 0 0 0 0 0 0 0 0 0 0 0 0 0 0 0 0 0 0 0 0 0 0 0 0 0 0 0 0 0 0 0 0 0 0 0 0 0 73048 0 0 0 534631 698226 324558 822030 0 0 0 0 830463 450866 381419 0 0 0 0 0 0 0 0 0 0 0 0 0 0 0 0 0 723993 0 572868 0 0 0 0 0 0 604310 730949 414979 0 0 0 0 734567 47231 0 0 72565 284728 516060 898750 0 0 0 0 0 0 0 0 296038 929149 99754 0 274085 23395 687258 357991 0 0 735855 0 832331 0 650685 385065
5 29
419921 165371 0 830204 213246 0 0 0 513675 390155 16786 0 0 0 0 0 0 460694 130198 0 290252 923184 821556 0 0 0 0 0 0 0 0
6 57
57747 443128 618711 0 507514 473121 827195 0 0 0 121771 0 249293 3410 438392 0 0 0 0 0 0 250985 0 0 0 372802 0 0 790571 633690 0 0 0 0 0 0 0 0 0 0 0 0 0 267597 858774 0 0 0 0 0 0 13601 0 0 0 0 0 851620 664308 0 810672 0 0
9 22
436278 852892 753106 0 756890 0 958816 0 0 865096 0 0 0 873895 28982 0 0 0 0 388207 102305 0 0 0 0 0 0 547350 0 757899 634370 0 0 0 0 0 0 0 0 455505 0 563984 685503 0 0 0 0 0 0 0 0 0 0 0 0 818756 281452 0 0 117434 0 327948 683604 0 0 0 0 0 0 0 0 0 0 0 0 0 0 0 0 215095 32167 0 0 495135 0 52818 0 0 0 0 0 0 0 0 0 0 0 0 0 0 0 0 0 0 0 0 0 0 0 0 0 0 845176 400502 81456 0 0 0 0 758091 0 0 0 672801 341010 85461 789063 0 0 0 0 0 0 0 0 0 0 0 0 0 0 0 0 0 0 0 0 0 0 0 0 0 0 0 0 0 0 0 0 230690 56743 271124 847289 0 0 0 0 34535 215783 0 0 0 181700 0 0 0 0 0 0 0 0 0 0 0 0 0 0 0 0 0 0 0 0 0 0 0 0 0 0 0 0 0 0 0 0 0 0 0 0 0 0 0 0 0 0 0 0 0 0 0 0 0 0 0 0 538709 13388 0 490895 119230 780059 0 0 0 0 0 0 0 0 271555 0 0 0 0 0 0 0 0 0 510878 37679 0 425324 93920 759712 0 0 0 0 0 0 0 0 0 0 0 0 0 0 0 0 0 0 0 0 0 0 0 0 0 0 0 0 0 0 0 0 0 0 0 0 0 0 0 0 0 0 0 0 0 0 0 0 0 0 0 0 0 0 0 0 0 0 0 0 0 0 0 0 601542 228035 715031 415486 0 0 31238 563693 0 0 0 0 0 0 0 0 742994 203905 0 142815 0 0 0 0 0 0 0 622711 0 0 0 0 0 0 0 0 0 0 0 0 0 0 0 0 0 0 0 0 0 0 0 0 0 0 0 0 0 0 0 0 0 0 0 0 0 0 0 0 0 0 0 0 0 0 0 0 0 0 0 0 0 0 0 0 0 0 0 0 0 0 0 0 0 0 0 0 0 0 0 0 0 0 0 0 0 0 0 0 0 0 0 0 0 0 0 0 0 0 0 0 0 0 0 0 0 0 0 0 0 0 0 0 380753 912400 40039 597990 0 0 0 479616 864042 611557 0 538727 0 0 0 0 0 0 0 0 0 0 0 0 0 0 0 0 818866 574469 0 0 0 0 0 0 0 0 0 0 0 0 0 0 0 0 0 0 941382 0 0 218922 0 0 729528 0 71141 399989 136237 268175
5 20
317429 11616 404496 0 438196 743225 567146 0 0 267743 157972 481760 270660 140886 351468 0 0 0 0 0 880907 0 366629 0 744600 0 632133 0 834825 497024 73460
9 487
939207 37232 520681 841855 836665 677220 730766 65399 852052 817653 435126 0 471597 893897 0 995087 984248 461596 678082 51810 842416 0 881763 0 0 437262 0 59301 555544 0 0 945365 0 395030 69213 436292 399861 907182 0 970137 428098 390917 156356 0 0 881968 470395 0 0 0 0 0 230341 0 0 709216 228476 91427 122156 0 0 0 0 0 335780 0 0 780748 907235 0 162253 396288 0 0 816924 864174 305364 0 0 548790 451846 380830 0 0 533429 354712 449363 0 0 0 0 879518 856519 486378 498908 0 0 0 0 0 0 0 0 0 0 560667 182191 0 0 0 0 7931 356307 557171 874536 411395 0 478794 0 0 0 0 0 0 0 0 0 0 0 380975 607896 0 0 0 0 0 104012 2542 942714 0 0 15202 293319 0 968758 0 0 0 0 0 218565 254801 33136 0 0 0 0 0 0 21569 314943 839279 657493 332738 354334 0 0 0 0 880008 0 6411 376503 996910 0 0 0 0 0 0 0 0 0 946606 323455 994697 0 0 650397 323896 19366 0 0 0 0 0 0 0 0 0 0 0 0 0 0 0 0 0 0 0 0 711613 581084 211004 0 0 0 0 0 0 0 0 0 0 0 499927 0 895505 0 692689 797131 302064 0 0 0 761801 263720 0 0 0 0 0 0 0 0 0 0 0 0 0 0 0 0 0 0 0 0 0 0 510572 624666 111838 840852 0 0 0 0 0 0 0 0 0 0 357450 973659 983464 743855 145418 0 0 0 0 0 428681 546965 119992 471964 0 0 0 498474 0 0 0 0 0 0 0 0 0 0 589547 205793 306763 515572 0 336784 0 0 0 0 0 0 0 0 0 0 0 0 86295 377454 339116 495587 541966 90327 391782 679188 829815 180083 740084 638633 0 0 0 0 0 0 0 0 575296 551777 0 0 0 171125 400209 0 675827 717307 0 0 0 0 0 0 0 0 0 0 0 0 0 0 0 0 0 0 360021 0 792975 273014 0 464862 0 0 0 0 0 829770 0 535160 64999 227858 0 0 0 0 0 0 0 0 0 0 0 0 0 0 0 0 0 0 0 0 0 0 0 0 0 0 0 0 0 0 0 0 0 0 0 0 0 0 0 0 0 728356 0 707916 152897 823038 0 0 0 0 0 0 0 0 0 0 0 0 0 0 0 0 0 0 0 0 0 0 0 918670 0 0 589331 859706 0 0 14729 326419 251534 0 499559 891144 0 0 0 0 0 0 0 283400 0 0 0 0 0 0 0 0 0 0 0 0 0 0 0 0 0 0 0 0 0 0 0 0 0 0 0 0 0 0 0 0 0 0 0 0 0 0
9 509
578268 0 354290 0 0 0 0 0 0 0 0 0 0 0 0 0 0 0 0 0 0 0 0 0 0 0 0 0 0 0 0 0 0 0 0 0 0 0 0 0 0 0 0 0 0 0 0 0 0 0 0 0 0 0 0 0 0 0 0 0 0 0 0 0 0 0 0 0 0 0 0 0 0 0 0 0 0 0 0 0 0 0 0 0 0 0 0 0 0 0 0 0 0 0 0 0 0 0 0 0 0 0 0 0 0 0 0 0 0 0 0 0 0 0 0 0 0 0 0 0 0 0 0 0 0 0 0 0 0 0 0 0 0 0 0 0 0 0 0 0 0 0 0 0 0 0 0 0 0 0 0 0 0 0 0 0 0 0 0 0 0 0 0 0 0 0 0 0 0 0 0 0 0 0 0 0 0 0 0 0 0 0 0 0 0 0 0 0 0 0 0 0 0 0 0 0 0 0 0 0 0 0 0 0 0 0 0 0 0 0 0 0 0 0 0 0 0 0 0 0 0 0 0 0 0 0 0 0 0 0 0 0 0 0 0 0 0 0 0 0 0 0 0 0 0 0 0 0 0 0 0 0 0 0 0 0 0 0 0 0 0 0 0 0 0 0 0 0 0 0 0 0 0 0 0 0 0 0 0 0 0 0 0 0 0 0 0 0 0 0 0 0 0 0 0 0 0 0 0 0 0 0 0 0 0 0 0 0 0 0 0 0 0 0 0 0 0 0 0 0 0 0 0 0 0 0 0 0 0 0 0 0 0 0 0 0 0 0 0 0 0 0 0 0 0 0 0 0 0 0 0 0 0 0 0 0 0 0 0 0 0 0 0 0 0 0 0 0 0 0 0 0 0 0 0 0 0 0 0 0 0 0 0 0 0 0 0 0 0 0 0 0 0 0 0 0 0 0 0 0 0 0 0 0 0 0 0 0 0 0 0 0 0 0 0 0 0 0 0 0 0 0 0 0 0 0 0 0 0 0 0 0 0 0 0 0 0 0 0 0 0 0 0 0 0 0 0 0 0 0 0 0 0 0 0 0 0 0 0 0 0 0 0 0 0 0 0 0 0 0 0 0 0 0 0 0 0 0 0 0 0 0 0 0 0 0 0 0 0 0 0 0 0 0 0 0 0 0 0 0 0 0 0 0 0 0 0 0 0 0 0
4 4
711642 694762 0 714876 228598 0 0 979983 657581 0 311842 0 0 0 0
9 388
445309 590831 958505 0 282934 455962 615652 0 0 98545 208643 376669 50360 983222 957916 0 0 0 0 110650 0 373431 601284 707010 485024 813449 0 86137 876455 18039 676657 0 0 0 0 0 0 0 0 262559 917267 0 0 111937 431527 0 567532 50923 69762 836451 571242 602238 792767 0 0 420967 999430 0 642212 0 48781 209382 127655 0 0 0 0 0 0 0 0 0 0 0 0 0 0 0 0 310008 165851 382340 967494 0 0 0 0 0 462192 198184 368593 0 0 335 771417 814874 590479 506045 138946 438312 427367 0 918795 0 277293 453846 0 0 0 0 0 113855 0 80932 851260 0 0 220038 0 0 0 0 217481 819375 780439 788023 0 0 0 0 0 0 0 0 0 0 0 0 0 0 0 0 0 0 0 0 0 0 0 0 0 0 0 0 0 0 0 0 0 413204 646064 134822 375451 0 745656 0 395629 0 0 0 0 0 0 0 0 0 0 576755 0 796477 220942 278982 272538 0 0 0 0 209299 359893 0 671798 836849 724444 744384 867351 96127 98660 0 0 686755 134302 55896 952868 0 0 518685 21931 0 0 907695 935042 510257 5556 0 0 0 0 0 0 0 0 0 0 0 0 0 0 772818 0 502144 139922 0 0 0 0 313755 561391 0 0 0 0 0 0 0 0 709667 11967 775379 296175 341468 791200 930921 0 0 0 0 0 0 0 0 0 0 0 0 0 0 0 0 0 0 0 0 0 0 0 0 0 0 0 0 0 0 0 0 0 0 0 0 0 0 0 0 0 0 0 0 0 0 0 0 0 0 0 0 0 0 0 0 0 0 0 0 0 0 0 0 0 0 0 688757 693317 590039 100322 820305 597042 0 883549 0 0 545717 773986 0 0 373513 913636 0 0 0 0 0 0 0 0 0 0 0 0 0 0 0 0 0 0 0 0 672300 0 0 0 0 839257 71859 0 0 881900 0 0 0 0 0 0 0 0 0 0 572045 0 105103 91226 0 0 327891 0 83532 0 460262 0 649470 0 91329 0 809 0 715291 0 0 0 0 0 0 410510 768332 542078 579548 196228 515131 647133 0 0 0 0 563210 290194 956023 965271 0 0 0 0 580448 273712 156426 664372 0 0 978955 0 0 0 0 0 0 0 0 0 0 0 0 0 0 0 0 0 0 0 0 0 0 0 0 0 0 0 0 0 916974 774077 0 0 669767 892181 384228 0 0 0 0 0 0 0 0 0 0 283065 707195 222812 0 0 0 0 0 0 0 0 0 0 0 0 0 0 0 0 954067 0 0 882075 647016 947173 0 502761 0 345146 134815 719081 0 603603 0 0 0 0 0 0
6 47
557606 706271 342191 0 221706 506936 298884 0 0 11233 2138 0 424814 492939 844468 0 0 0 0 317351 698840 0 458184 0 0 602993 735524 786053 823240 561741 0 0 0 0 0 0 0 0 0 214307 386757 0 892195 0 0 0 0 0 0 0 0 658691 565183 0 655473 839370 564999 487754 847858 209257 502871 0 0
1 1
959126
6 45
988188 472868 418501 0 398468 819923 643459 0 0 727379 204522 5737 876541 0 0 0 0 0 0 152534 377113 945301 92188 425784 711048 0 701837 0 0 0 0 0 0 0 0 0 0 0 0 772415 680762 562185 333930 166903 525330 296128 712961 649514 0 657462 285144 0 0 34538 0 0 0 0 0 0 0 0 0
3 4
105208 456486 0 351543 802847 0 0
5 21
644561 934213 370434 417944 948575 538875 159438 0 323538 371600 561987 455451 0 923722 321913 0 0 343070 196236 373492 988294 0 153509 157696 444179 0 0 783004 0 0 236982
6 56
131559 851466 0 309497 124588 0 0 934900 792977 911174 808791 0 0 0 0 0 256274 965474 968796 480062 217446 374037 573544 0 0 0 0 0 0 0 0 0 0 104529 0 800105 0 82227 890999 261492 220032 0 140495 496067 68196 335898 0 0 0 0 0 0 0 0 0 0 0 0 0 0 0 0 0
8 246
313531 0 538626 0 0 0 455354 0 0 0 0 0 0 426072 677173 0 0 0 0 0 0 0 0 0 0 0 0 0 0 627925 390411 0 0 0 0 0 0 0 0 0 0 0 0 0 0 0 0 0 0 0 0 0 0 0 0 0 0 0 0 273177 470240 707590 293393 0 0 0 0 0 0 0 0 0 0 0 0 0 0 0 0 0 0 0 0 0 0 0 0 0 0 0 0 0 0 0 0 0 0 0 0 0 0 0 0 0 0 0 0 0 0 0 0 0 0 0 0 0 0 0 0 786727 999130 0 315003 368109 963374 701320 0 0 0 0 0 0 0 0 0 0 0 0 0 0 0 0 0 0 0 0 0 0 0 0 0 0 0 0 0 0 0 0 0 0 0 0 0 0 0 0 0 0 0 0 0 0 0 0 0 0 0 0 0 0 0 0 0 0 0 0 0 0 0 0 0 0 0 0 0 0 0 0 0 0 0 0 0 0 0 0 0 0 0 0 0 0 0 0 0 0 0 0 0 0 0 0 0 0 0 0 0 0 0 0 0 0 0 0 0 0 0 0 0 136831 0 978056 984832 0 0 0 277691 917307 988419 938175 275638 571027 714999 0 0
7 53
881547 0 885906 0 0 819316 714908 0 0 0 0 824420 366672 75095 0 0 0 0 0 0 0 0 0 0 289650 0 0 425315 246193 0 0 0 0 0 0 0 0 0 0 0 0 0 0 0 0 0 0 0 0 898279 179582 0 0 0 0 921941 933060 400447 862699 0 0 0 0 0 0 0 0 0 0 0 0 0 0 0 0 0 0 0 0 0 0 0 0 0 0 0 0 0 0 0 0 0 0 0 0 0 0 0 0 223462 392910 411452 995293 0 0 0 0 0 0 0 0 42919 19095 59145 97871 0 722838 748014 318974 0 0 0 0 0 0 0 0
9 487
158807 978746 415754 173950 583149 632935 781263 804231 130758 0 724332 641673 346055 161268 0 118977 0 633713 376289 0 0 659161 31943 0 716199 814196 849695 0 830930 0 0 467711 0 0 0 509797 123886 243449 563698 0 0 0 0 0 834743 64917 763528 0 0 234069 425321 724399 962413 717599 0 0 0 998753 0 0 0 0 0 334770 807288 0 0 0 0 0 0 0 577041 690475 706966 27219 454188 76459 0 0 0 0 0 0 0 0 0 0 0 318951 506370 856382 659721 0 663994 0 0 0 0 252943 0 741820 114083 447321 379411 0 523915 931125 125303 0 0 0 0 0 0 858873 318779 0 0 0 0 0 0 0 0 0 0 0 829462 465530 321016 0 0 0 0 0 0 0 0 0 0 0 0 0 0 0 860480 363969 842136 748579 0 408067 112785 200409 103144 0 216385 0 0 0 0 0 0 0 0 0 0 0 0 0 0 0 0 0 0 0 0 0 0 875984 252024 581197 173098 0 704916 680886 780257 0 0 535836 380679 0 0 0 0 0 0 0 0 474181 455674 0 0 756902 146315 26966 0 988834 59519 548496 687021 0 0 453240 0 696207 751479 404270 265504 0 0 0 0 0 0 0 0 0 0 0 0 246533 885075 0 558803 0 0 0 0 0 0 0 0 0 0 0 0 0 0 0 0 0 0 0 0 0 0 808416 0 0 76601 0 0 0 0 0 0 0 0 0 0 0 0 0 0 0 0 0 0 0 0 0 0 0 0 0 0 0 0 0 0 0 0 553514 0 433660 533592 515436 0 483832 828649 0 0 0 369614 588772 231475 699893 525197 319109 964756 0 0 0 0 0 0 0 0 0 0 0 0 0 0 0 0 0 0 0 0 0 0 0 0 0 0 0 0 0 0 0 0 0 0 0 0 0 0 0 0 0 0 0 0 0 0 0 0 224962 146672 373840 55256 804298 906303 338450 0 0 0 286452 116307 377502 39222 239671 614593 0 0 0 0 209310 704685 821999 402042 0 0 0 0 0 0 0 0 0 0 0 0 0 0 0 0 683298 723697 741094 937494 0 0 0 0 696786 208185 861522 0 0 246371 0 0 652011 0 73247 0 0 297308 935927 644174 0 0 0 0 997334 86736 0 0 489123 943803 344679 530077 491787 899791 999534 847563 0 0 0 0 0 0 0 0 0 0 0 0 0 0 0 0 0 0 0 0 0 0 0 0 528188 387465 395669 0 0 0 5472 0 0 0 0 0 0 0 0 0 0 0 0 0 0 0 0 0 0 0 0 0 0 0 0 0 0 0 0 0 0 0 0 0 0 0 0 0 0 0 0 0
5 22
13940 346869 331049 205402 85406 968312 0 82573 310508 761766 0 513644 644522 0 0 0 87193 0 921504 0 440606 0 0 922285 377891 195630 541083 0 0 0 0
7 41
18118 776381 0 59622 755768 0 0 76697 228906 937190 0 0 0 0 0 0 863776 0 759871 601332 0 0 0 0 0 0 0 0 0 0 0 0 0 0 736249 0 0 488341 0 709998 17093 0 0 0 0 0 0 0 0 0 0 0 0 0 0 0 0 0 0 0 0 0 0 0 0 0 0 0 0 966835 478383 0 0 0 0 28414 0 0 0 151821 28370 0 14326 0 0 0 0 0 0 0 0 0 0 0 0 0 0 0 0 0 0 0 0 0 0 0 0 0 0 0 0 0 0 0 0 0 0 0 0 0 0 0 0 0 0 0 0
9 509
930816 0 0 0 0 0 0 0 0 0 0 0 0 0 0 0 0 0 0 0 0 0 0 0 0 0 0 0 0 0 0 0 0 0 0 0 0 0 0 0 0 0 0 0 0 0 0 0 0 0 0 0 0 0 0 0 0 0 0 0 0 0 0 0 0 0 0 0 0 0 0 0 0 0 0 0 0 0 0 0 0 0 0 0 0 0 0 0 0 0 0 0 0 0 0 0 0 0 0 0 0 0 0 0 0 0 0 0 0 0 0 0 0 0 0 0 0 0 0 0 0 0 0 0 0 0 0 0 0 0 0 0 0 0 0 0 0 0 0 0 0 0 0 0 0 0 0 0 0 0 0 0 0 0 0 0 0 0 0 0 0 0 0 0 0 0 0 0 0 0 0 0 0 0 0 0 0 0 0 0 0 0 0 0 0 0 0 0 0 0 0 0 0 0 0 0 0 0 0 0 0 0 0 0 0 0 0 0 0 0 0 0 0 0 0 0 0 0 0 0 0 0 0 0 0 0 0 0 0 0 0 0 0 0 0 0 0 0 0 0 0 0 0 0 0 0 0 0 0 0 0 0 0 0 0 0 0 0 0 0 0 0 0 0 0 0 0 0 0 0 0 0 0 0 0 0 0 0 0 0 0 0 0 0 0 0 0 0 0 0 0 0 0 0 0 0 0 0 0 0 0 0 0 0 0 0 0 0 0 0 0 0 0 0 0 0 0 0 0 0 0 0 0 0 0 0 0 0 0 0 0 0 0 0 0 0 0 0 0 0 0 0 0 0 0 0 0 0 0 0 0 0 0 0 0 0 0 0 0 0 0 0 0 0 0 0 0 0 0 0 0 0 0 0 0 0 0 0 0 0 0 0 0 0 0 0 0 0 0 0 0 0 0 0 0 0 0 0 0 0 0 0 0 0 0 0 0 0 0 0 0 0 0 0 0 0 0 0 0 0 0 0 0 0 0 0 0 0 0 0 0 0 0 0 0 0 0 0 0 0 0 0 0 0 0 0 0 0 0 0 0 0 0 0 0 0 0 0 0 0 0 0 0 0 0 0 0 0 0 0 0 0 0 0 0 0 0 0 0 0 0 0 0 0 0 0 0 0 0 0 0 0 0 0 0 0 0 0 0 0 0 0 0 0 0 0 0 0 0 0 0
6 13
329070 587003 704077 0 520902 0 0 0 0 260299 552970 0 0 0 0 0 0 0 0 815629 180889 0 373735 0 0 0 0 0 0 0 0 0 0 0 0 0 0 0 0 530425 700344 429427 0 0 0 433881 0 0 0 0 0 0 0 0 0 0 0 0 0 0 0 0 0
10 1004
611404 948110 71881 100491 408342 0 867612 0 196024 0 380072 0 0 146593 44621 0 0 871372 580275 0 0 0 399864 0 0 0 0 349445 0 0 995775 0 0 0 0 353351 0 530386 569159 0 0 0 0 0 0 532863 0 0 0 0 0 0 0 0 0 572641 278167 0 0 0 0 580028 0 0 0 0 0 0 0 0 0 214209 28856 0 0 886243 0 148027 442255 0 0 0 0 0 0 0 0 0 0 0 0 99284 0 0 0 0 0 0 0 0 0 0 0 0 0 0 0 0 0 0 0 701851 0 785757 0 0 0 0 0 0 0 0 0 132028 758143 0 0 0 0 0 0 0 0 0 0 0 0 0 0 0 0 0 0 0 327762 651734 689878 0 0 0 0 766676 566528 0 0 389618 838583 681903 697488 0 0 0 0 0 0 0 0 0 0 0 0 0 0 0 0 0 0 0 0 0 0 0 0 89555 0 0 0 0 0 0 0 0 0 0 0 0 0 0 0 0 0 0 0 0 0 0 0 0 0 0 0 0 0 0 0 0 0 0 0 0 0 0 0 0 0 0 0 721574 0 0 0 0 0 0 0 0 0 0 0 0 0 0 0 0 0 0 0 757507 0 307575 102765 0 0 0 0 0 0 0 0 0 0 0 0 0 0 0 0 0 0 0 0 0 0 0 0 0 0 0 0 0 0 0 0 0 0 0 0 0 0 936935 383483 737917 228452 337204 105917 0 0 0 0 0 0 0 0 190706 434122 830257 0 0 0 0 0 0 0 0 0 792536 839086 0 480605 0 0 0 0 0 0 0 0 0 0 0 0 0 0 0 0 0 0 0 0 0 0 0 0 0 0 0 0 0 0 0 0 0 0 0 0 0 0 0 0 0 0 0 0 0 0 0 0 317135 712557 0 0 0 0 0 0 0 0 0 0 0 0 0 0 0 0 0 0 0 0 0 0 0 0 0 0 0 0 0 0 0 0 0 0 0 0 0 0 0 0 0 0 0 0 0 0 0 0 0 0 0 0 0 0 0 0 0 0 0 0 0 0 0 0 0 0 0 0 0 0 0 0 0 0 0 0 0 0 0 0 0 0 0 0 0 0 846873 682975 0 0 0 0 0 0 0 0 0 0 0 0 0 0 0 0 0 0 0 0 0 0 0 0 0 0 0 0 0 0 0 0 0 0 0 0 0 0 0 770910 0 0 434706 0 0 529994 0 0 0 0 0 0 0 0 0 0 0 0 0 0 0 0 0 0 0 0 0 0 0 0 0 0 0 0 0 0 0 0 0 0 0 0 0 0 0 0 0 0 0 0 0 0 0 0 0 0 0 0 0 0 0 0 0 0 0 0 0 0 0 0 0 0 0 0 0 0 0 0 0 0 0 0 383961 704749 0 0 905984 11007 339212 322438 890499 655619 132384 319198 0 0 0 0 0 0 0 0 0 0 0 0 0 0 0 0 999802 763293 195979 333405 740524 880196 0 0 0 0 0 0 0 0 0 0 0 0 0 0 0 0 0 0 617666 31018 902648 273825 0 0 502954 419089 0 0 0 0 0 0 0 0 0 0 0 0 0 0 0 0 0 0 0 0 0 0 0 0 0 0 0 0 0 0 0 0 0 0 0 0 0 0 0 0 0 0 0 0 0 0 0 0 0 0 0 0 0 0 0 0 0 0 0 0 0 0 0 0 0 0 0 0 0 0 0 0 0 0 0 0 0 0 0 0 0 0 0 0 0 0 0 0 0 0 0 0 0 0 0 0 979897 485832 0 891407 0 0 0 0 0 0 0 0 0 0 0 0 0 0 0 0 0 0 0 0 0 0 0 0 0 0 0 0 0 0 0 0 0 0 0 0 0 0 0 0 0 0 0 0 0 0 0 0 0 0 0 0 0 0 0 0 0 0 0 0 0 0 0 0 0 0 0 0 0 0 0 0 0 0 0 0 0 0 0 0 0 0 0 0 0 0 0 0 0 0 0 0 0 0 0 0 0 0 0 0 0 0 0 0 0 0 0 0 0 0 0 0 0 0 0 0 0 0 0 0 0 0 0 0 0 0 0 0 0 0 0 0 0 0 0 0 0 0 0 0 0 0 0 0 0 0 0 0 0 0 0 0 0 0 0 0 0 0 0 0 0 0 0 0 0 0 0 0 0 0 0 0 861684 113835 40003 237369 0 0 0 0 0 0 0 0 0 0 0 0 0 0 0 0 0 0 0 0 0 0 0 0 0 0 0 0 0 0 0 0 0 0 0 0 0 0 0 0 0 0 0 0 0 0 0 0 0 0 0 0 0 0 0 0 0 0 0 0 0 0 0 0 0 0 0 0 0 0 0 0 0 0 0 0 0 0 494499 531619 0 0 0 0 543701 916993 0 0 0 0 150559 83364 0 0 0 0 0 0 0 0 0 0 0 0 0 0 0 0
2 0
784956 846099 176322
4 3
528701 0 416547 0 0 0 260696 0 0 0 0 0 0 672385 745790
7 64
96431 377674 722576 351257 630201 289123 949363 268268 0 847735 916747 146498 630317 732710 0 832041 339552 0 0 438606 492256 53412 12612 644923 559940 701005 198058 758956 329569 0 0 116099 897565 109046 0 0 0 0 0 121954 716136 883602 0 50163 0 735104 356471 0 723778 739775 575536 104064 359624 0 0 0 425419 6303 0 0 0 0 0 0 906820 0 989877 975137 388188 0 0 0 0 0 0 0 0 0 0 0 0 607576 569373 98464 670521 0 0 0 172870 0 0 872334 926464 624234 236491 0 0 21392 800599 508896 0 388084 129656 250297 0 659883 459461 0 0 0 0 0 0 0 139873 237938 328563 0 0 0 0 0 0 0 0 0 0
6 25
314975 0 668640 0 0 763878 273979 0 0 0 0 785357 674657 0 91550 0 0 0 0 0 0 0 0 692228 861247 187442 0 0 0 0 0 0 0 0 0 0 0 0 0 0 0 0 0 0 0 0 0 3540 515562 0 812086 988651 175454 0 0 0 0 0 0 0 0 0 0
1 0
68794
3 2
717512 287049 296629 0 532603 825539 72412
2 2
464481 0 0
7 119
391798 802512 994722 790343 611694 0 0 0 650807 0 70721 0 0 0 0 0 0 741156 451754 0 0 0 0 0 0 0 0 0 0 0 0 0 0 0 0 222900 72400 373703 864297 0 0 0 0 0 0 0 0 0 0 0 0 0 0 0 0 0 0 0 0 0 0 0 0 0 0 0 0 0 0 0 0 523239 538388 994112 0 339250 929550 389660 408460 0 0 0 0 0 0 0 0 0 0 0 0 0 0 0 0 0 0 0 0 0 0 0 0 0 0 0 0 0 0 0 0 0 0 0 0 0 0 0 0 0 0 0 0 0 0 0 0
2 1
839719 282936 98419
9 498
26625 740200 839404 0 580222 182270 0 0 0 145586 607598 937370 891062 0 0 0 0 0 0 679383 827307 137923 421097 610513 445440 0 0 0 0 0 0 0 0 0 0 0 0 0 0 821870 0 834901 800531 263631 114513 828601 0 262379 286630 280472 0 0 0 0 0 0 0 0 0 0 0 0 0 0 0 0 0 0 0 0 0 0 0 0 0 0 0 0 0 593159 0 0 0 448369 489474 652309 2432 885211 724654 0 929073 481894 193129 0 0 657030 0 0 0 110741 0 0 0 0 0 0 0 0 0 0 0 0 0 0 0 0 0 0 0 0 0 0 0 0 0 0 0 0 0 0 0 0 0 0 0 0 0 0 0 0 0 0 0 0 0 0 0 0 0 0 0 0 0 0 0 0 0 0 0 722948 691945 0 0 0 0 0 0 6108 0 0 602011 0 0 922693 513630 445293 189782 62516 579824 0 0 929967 670027 0 867105 0 973907 0 0 0 0 334251 0 0 0 0 0 0 0 549381 66691 0 0 0 0 0 0 0 0 0 0 0 0 0 0 0 0 0 0 0 0 0 0 0 0 0 0 0 0 0 0 0 0 0 0 0 0 0 0 0 0 0 0 0 0 0 0 0 0 0 0 0 0 0 0 0 0 0 0 0 0 0 0 0 0 0 0 0 0 0 0 0 0 0 0 0 0 0 0 0 0 0 0 0 0 0 0 0 0 0 0 0 0 0 0 0 0 0 0 0 0 0 0 0 0 0 0 0 0 0 0 0 0 0 0 0 0 0 0 0 448320 733797 548004 0 0 0 0 0 0 0 0 0 0 0 0 869565 604969 0 0 0 0 16514 601210 0 0 0 0 0 981364 974131 0 349244 681330 545063 435529 866013 901839 603652 373140 0 0 0 0 563984 972613 379522 335321 0 0 572123 697520 0 0 58600 0 0 0 0 0 0 0 0 0 0 0 0 0 0 0 0 0 0 0 0 0 0 0 0 0 282398 848080 0 211021 0 0 0 0 0 0 0 0 0 0 0 0 0 0 0 0 0 0 0 0 0 0 0 0 0 0 0 0 0 0 0 0 0 0 0 0 0 0 0 0 0 0 0 0 0 0 0 0 0 0 0 0 0 0 0 0 0 0 0 0 0 0 0 0 0 0 0 0 0 0 0 0 0 0 0 0 0 0 0 0 0 0 0 0 0 0 0 0 0 0 0 0 0 0 0 0 0 0 0 0 0 0 0 0 0 0 0 0
