6
3 1
2 5 4
3 2
2 5 4
5 3
5 2 7 3 9
5 3
5 2 7 4 8
10 5
78246 61617 73985 24788 602 7823 59026 59220 70979 31974
1000 173
17691 13916 2559 67587 12711 59957 81610 21767 54244 59412 94080 71136 14127 53651 56906 55803 82901 3506 75914 80742 10191 75888 73315 76462 2396 42753 72152 149 1968 38742 6156 88488 55498 79325 7994 92951 88848 50020 91440 51139 46724 39047 83774 73614 21377 713 83498 54676 90535 4926 15506 47663 8188 49376 30874 80603 43518 85293 51700 26440 43063 35079 92758 83537 99075 60724 1212 66816 43131 75575 43208 57614 48135 78859 31919 11256 14222 32307 35446 75306 34401 91267 24947 28618 84385 48922 23479 11551 57652 51509 94249 81082 71605 94908 63318 91081 3612 18515 6285 67603 76704 71008 41059 21843 3909 34444 59568 19264 17474 58048 87 2392 54620 71142 8847 46945 45035 15823 64680 16168 46949 64360 43691 66670 8443 63671 82267 50523 88524 79853 56241 53045 58564 99392 31606 3411 18843 80522 57888 96162 7222 38137 69163 65612 47387 88715 29654 62375 82647 77920 10937 91396 67904 62853 16036 84323 47235 23381 72004 95509 27395 32502 97074 30598 68629 24456 11061 39374 53299 61039 98419 30456 60146 11579 52205 94401 67412 30058 24159 53942 31562 34071 81244 95287 40042 64646 22166 72846 16264 33342 38782 21209 62921 43676 16745 52852 65802 7557 57360 67791 44388 64260 68327 52292 27838 49409 14905 97739 55361 54491 44996 27894 48512 63628 1763 83042 79610 53636 15594 72895 65254 95873 23583 76609 46849 3891 99189 37938 81039 29655 87298 76259 52167 22868 30657 10120 36111 32911 42502 68935 90298 50938 27149 50598 18193 60901 75452 68041 58268 92568 65210 16127 77191 47033 77994 81789 4919 95812 3315 14941 35414 38284 38651 75453 30825 39066 9586 72352 9322 56846 28156 15414 67124 19265 79455 6459 83825 94641 76690 7883 86786 60625 53042 39370 5132 72338 65094 70213 26807 88097 67014 94310 83186 19525 77310 97657 24879 34668 680 54018 19687 57670 86329 13499 99025 76637 1108 80823 2723 92504 70910 15421 23727 16026 97007 23779 34027 47488 85325 56011 81064 54251 36158 63267 79866 94980 29407 20297 90365 26199 6144 68436 61593 66756 91165 88200 44903 88859 23161 67889 26861 50528 59227 94793 9143 83630 98663 58994 67534 4090 27373 26269 55058 16468 18608 6216 75285 43742 38445 14484 41025 24997 95079 3862 50921 88623 39866 17996 61827 26726 75035 3621 8441 67605 48064 2461 23268 67524 15967 32304 39835 20377 44052 58306 19918 14481 63218 50158 31654 49369 47429 18541 19505 62302 88735 25157 49358 4152 41072 64622 82471 47371 76015 23657 30454 4954 43787 33245 70205 88630 61025 42807 52450 36934 53175 61968 20471 99411 63836 35095 66640 71859 5989 36542 93539 39364 70764 443 13716 98812 28241 27853 17552 613 51764 46218 62253 70592 72328 31358 86621 47296 22849 40565 36061 97419 63439 46907 90187 52611 88310 9444 21423 44616 2517 61848 77148 2531 22476 52766 70244 15881 98028 25291 83276 60304 75815 80019 40116 28808 23816 26440 75435 10897 15109 90772 37317 14287 25300 14869 91119 29517 32489 50447 53768 96432 21288 25639 76827 43354 83090 36755 13951 34671 73661 97147 53780 80675 36088 57181 72812 34636 22207 94597 64514 26432 48888 62908 30662 59511 6855 76978 78845 28495 99234 9580 56092 98453 24595 70452 62734 23678 34990 40282 32918 73746 93325 36030 38568 77688 26381 91137 72170 93326 19911 44431 90361 58121 30434 44900 55143 80305 94718 96022 92408 84686 2412 82963 98525 36151 59873 48716 64889 25748 13979 11123 57612 19152 23534 41728 84957 35377 62884 59546 8640 44820 17424 28079 6806 50004 83917 82288 76231 39849 19902 53738 69258 88858 95909 6771 96982 6301 91834 46284 94358 27299 44531 8615 35211 77633 97517 996 5517 37204 25678 12203 91868 73219 7951 77247 18701 13537 99181 42375 72635 83008 8695 43096 85196 31251 27627 77644 6228 38954 59587 30972 89449 1656 46 80321 28911 54856 78592 92343 30512 22399 25239 3945 76253 41262 47043 64245 40607 40189 4496 3396 48120 27058 58541 85586 19311 70424 18493 98096 37941 44403 58778 26094 86900 42834 88107 63689 42249 58635 48548 15811 85344 67312 93945 52568 91521 49793 47219 88020 80488 39045 64318 68674 68322 77404 38917 73501 43925 27105 66459 46929 3783 85163 48708 8992 18074 15634 60728 12706 68416 27151 21022 47765 92989 91761 2574 21729 98287 22239 97597 85197 48403 99395 2034 5782 22566 68310 17214 37225 39531 3036 75510 74638 83465 72939 84471 34577 30148 30738 49610 49569 64572 82177 79877 20678 1444 90375 1816 28863 68621 14079 8525 66108 90194 78340 47725 10701 10681 28615 9614 37516 34739 24823 9662 23822 17811 90601 74075 83864 32304 44812 26400 41336 51170 7299 42584 27914 36165 88948 88769 78090 91620 47316 81209 75831 46182 13384 10914 96982 54817 72458 56971 82790 71213 12784 71974 74600 26827 39157 60579 37501 66923 85601 87938 1589 36262 51141 48599 53516 77511 25783 98448 18125 3966 69955 2338 80221 34856 60036 78321 9904 36261 15001 25688 71410 93615 74792 8543 15013 52768 9723 29214 74312 5774 2023 66512 17096 64824 55585 72743 26986 63182 58038 20287 25191 45502 40467 63720 76952 61563 54402 36619 65639 57254 13151 33596 58969 64544 25129 37516 36440 28202 80498 39517 94828 71207 39275 65117 99470 93067 8993 63577 3077 15663 93078 39644 10925 39788 37272 6904 31546 52201 789 20186 15405 27808 31285 834 50573 4483 28330 3086 54005 69076 38736 82458 69820 82341 38922 17703 61827 87756 24435 6787 66573 94666 44819 4303 55291 99676 93201 92813 38409 11912 84297 83859 34633 77520 31968 25728 18130 56731 68030 54505 51988 92787 27719 62572 13839 26261 64001 74432 20450 50526 42905 13559 62076 74568 15080 15980 64488 57873 54979 96372 6871 8770 8423 688 37121 92392 91680 85669 42633 77354 40815 50078 54237 61243 18727 5081 83750 54206 49113 11932 21447 67198 61549 33958 48791 46856 99924 46824 53864 22507 67688 26137 72213 82475 57651 84691 14201 76643 41536 62992 81447 50121 75065 86177 19576 48933 8016 88031 2264 2759 75528 68548 92410 82094 86882 95309 80313 47566 21012 80926 55821 57692 84248 68924 31711 78044 85056 38607 98894 39529 33011 95855 60590 26446 74808 51235 62215 35991 38786 99414 6476
