5
1 1
5
3 2
4 2 1
6 3
6 7 24 38 62 18
10 3
16712 17015 22093 36908 34354 13917 57297 38871 32533 96518
1000 280
56035 52822 3067 74571 86214 90367 82644 96995 3739 41882 85921 78809 18448 68776 12171 63265 24862 40133 27904 91496 34792 50992 36587 33666 65120 86362 57244 77050 37601 6890 2416 4420 40583 54064 3090 44641 48748 72916 88455 54065 96281 28436 91744 92067 51322 48234 19894 86995 45135 58479 94404 49841 68083 92725 43531 82088 56360 43966 1817 41489 58337 99115 51972 74931 87467 42049 26246 1079 39868 36501 69696 27159 79034 3262 56112 14004 67564 87529 38884 61432 56349 71696 13726 72023 25375 26496 67899 65551 7094 9100 91498 58589 13258 10651 30317 94240 29203 27681 67002 5460 35725 81935 27380 22106 68028 41374 22299 86638 23665 1462 51780 26293 86956 70328 17905 40616 46050 63967 15662 2343 40631 58399 96791 36982 93193 64521 30723 41783 44896 88393 18813 28371 38175 14756 53316 24953 62624 4844 50958 53796 8099 30874 32434 7593 49553 79073 63797 84364 21807 40710 23480 4693 29288 76313 9531 27398 75690 82103 55694 138 91592 9651 82036 29983 84251 89854 66151 35658 33118 90562 84274 47938 7043 93522 38198 57585 84722 10790 53488 71253 18633 73341 7241 24959 94489 15358 19545 21979 3235 46505 21750 7470 60623 51457 96838 65612 80639 81103 72399 26778 33337 2984 35125 1968 95096 59959 27210 19704 29882 45500 79703 26576 23777 41647 35597 26823 31860 81372 16305 78596 86473 90943 89216 34969 58956 39854 1108 16293 63146 75987 52482 27166 38232 51891 1246 86053 51007 54413 674 18506 13135 34394 96221 75996 17725 95717 28496 81480 61331 43765 15596 70166 32435 12125 17002 89293 15539 83428 13364 44337 81177 95230 71759 30659 6484 75138 4385 69438 98396 80665 70153 74612 72114 28830 13279 13617 71168 88070 80719 88832 2229 70777 11171 58966 97761 8627 42392 40010 12653 14815 40667 73906 7203 37427 16566 29769 68093 86413 54466 7263 71474 72929 49848 44647 97830 34347 17987 95049 66977 30781 10413 23675 73379 89731 51413 95955 66915 44271 85826 72039 42253 57201 11527 96574 71238 48669 55246 74375 36981 47988 38746 52381 5769 71730 73887 86184 3523 89657 19735 55473 47176 77614 32631 6893 18201 72285 40996 45082 55418 36504 80689 63089 87320 15831 33818 1895 20311 17175 24193 55417 48590 68471 35980 92173 53847 24784 38606 47681 18502 70659 20605 52708 84915 31150 57861 1653 54805 44688 67543 32612 38063 69779 28093 86106 28210 94507 77682 32970 2936 92917 38876 13582 22476 25564 55576 10362 26035 12875 69838 83427 7003 19437 10781 35278 81442 74913 15565 34590 51093 23034 53289 21435 2141 33934 76663 36707 73997 37098 83446 67014 78585 32256 29883 73001 49909 13815 1758 73835 56143 737 15198 93483 12028 98268 88958 35479 88073 30504 2715 42000 24854 73512 31737 10385 25663 87566 27322 85630 18824 94036 94527 20920 52165 67563 3952 99938 6470 17372 62727 44453 92188 12929 61364 88619 24198 68621 7753 87443 53171 39725 57324 41036 68861 97667 49322 58557 80582 46417 63077 56165 23250 13830 15345 81826 33485 1854 30007 86478 89651 7736 24817 15872 12117 34717 76369 80261 75596 95165 44115 70208 94113 71710 56986 25894 970 42647 92072 34622 61018 96748 3805 26607 20597 59562 94231 62683 21733 28414 50194 59227 81448 66517 11660 75360 64527 37952 76878 95429 58619 74772 94736 75779 94263 55054 42407 89006 39220 36461 37263 91145 36477 33718 86035 57687 48299 50392 31338 82823 14946 75431 15914 12994 35962 33187 48344 90608 34389 31949 20480 16678 69825 90520 96460 2202 24949 34943 65942 67234 1925 48230 30083 63901 30077 24767 67736 45021 4246 28066 11554 73518 44483 75619 48860 69488 91997 77831 50573 21551 33773 39365 22971 47043 78778 90696 71692 71623 92431 55280 65132 13058 32776 73446 85291 96190 21768 97990 58099 96547 28139 48417 62407 8555 34499 60853 27052 61008 10656 98907 38826 57185 17567 97078 637 99976 21896 92804 98812 73359 9876 65817 61234 90768 50937 44218 13878 88155 76558 55518 72328 34967 7829 97868 36979 59799 86417 81794 95872 39135 37939 45993 77520 77380 24201 82068 37541 14291 21304 12563 7582 31962 94331 54280 82763 97658 26143 64534 74728 71098 97731 11899 11419 25191 10671 34937 21813 77756 88399 52517 4099 8421 92340 67548 39170 39697 41371 62293 77809 94104 28673 17917 99556 288 88694 3503 14021 10212 78799 70510 51273 6794 5074 57472 66947 26776 39868 56742 69829 97146 49823 20145 64943 85084 77448 83659 93544 91207 96761 72571 42914 73772 94074 8033 93493 77560 8687 73553 68636 55304 5075 15644 53161 11814 38097 46751 50854 71368 15821 90504 58226 67464 60751 59473 42082 80697 19540 83800 21831 5306 73763 15455 73961 7840 59826 17312 95763 52437 14831 8861 88094 6380 27005 81074 42910 6833 84257 11800 50230 65142 82476 10050 71399 8548 76401 92599 60698 10880 30181 49584 55794 43531 52203 87116 98973 85976 79338 44384 95761 71080 9413 70349 65280 4655 67586 10826 87570 90953 32180 616 7101 16247 38670 77319 8845 91149 26628 33552 43507 28991 93823 2515 41936 42376 74064 28218 25175 72917 60962 6120 86315 30217 58468 92561 93005 5304 50872 72072 35384 41015 49885 40502 23214 87244 94481 8863 18076 42491 50385 57922 71802 84819 80399 76747 30655 25110 34205 99802 56280 73410 36840 16631 9098 95212 38741 65789 37547 48652 27077 40384 17448 35918 88004 26452 89819 72548 52575 67353 52527 76840 55205 97488 71481 8272 82926 16832 90408 38591 96087 84159 34773 22151 56747 91275 25036 43127 9667 43207 37185 56365 22667 9986 74370 5937 8006 34526 42458 873 14551 78083 54467 51075 1668 59847 24086 18074 80096 478 46871 15085 32495 10712 9200 98727 6945 75657 9718 30795 10342 72994 25733 52644 15462 29007 7931 7032 35421 60232 40750 62666 12294 70473 62910 45247 12878 73045 2837 55449 23879 86302 47096 59081 91258 6897 26448 67560 54028 99638 73809 87879 81494 55467 81077 10414 34732 59738 57745 20174 38061 81900 73172 62557 64319 44574 46523 68150 8931 55201 33669 42820 52119 86583 48672 59109 85976 74036 49033 42845 13768 56335 8457 34945 12457 25207 98706 22515 86293 63886 2920 75655 29244 49067 86849 96794 57117 62570 61539 87886 66392 9142 81262 67496
