10
1475.31
5.90
1.81
3.53
7.60
9.65
7.83
8.52
5.91
2.22
5508.91
2.72
2.83
7.16
1.98
6.11
6.47
2.40
4.57
2.49
3.16
6.22
2.70
4.98
9.47
3.70
3.75
9.74
0.28
5.66
1.75
1.48
2.98
1.16
9.55
8.52
6.32
3.39
8.0
7.49
0.6
5596.20
9.92
3.68
9.40
8.59
6.44
4.7
8.0
3.62
1.81
0.91
4.33
0.30
5.46
5.93
1.57
9.0
7.57
3.39
7.44
4.94
0.59
0.44
0.16
1.92
7.69
8.42
1.96
9.81
0.14
4698.52
1.74
3.36
8.15
9.46
0.94
3.77
5.75
9.60
9.9
5.19
8.13
7.38
6.80
7.22
2.79
4.78
1.83
2.13
7.77
4.27
7.17
9.53
3230.99
4.39
1.80
2.8
3.3
0.14
2.76
4.33
4.37
6.44
9.86
0.91
2.72
2.24
2.96
7.32
2.20
7.3
6.8
5.29
1.93
6.11
0.51
4.0
8.62
4.6
4.92
9.97
1.52
5.72
5.7
3.97
9.99
0.61
1.15
5.24
2.93
0.59
2.55
1.83
0.32
9.35
1.38
7.60
3.98
4.94
5.77
6.50
7.80
0.84
4.42
9.86
0.62
0.43
3.90
5.26
3.20
0.27
3.75
2.16
4.25
4.0
0.86
0.68
0.55
1.73
6.3
8.47
7.48
2.86
4.1
1.27
4.60
7954.82
2.58
9.51
9.40
5.85
6.83
8.39
5.99
4.20
9.79
9.29
9.82
8.37
0.38
2.18
6.29
7.63
5.71
4.30
1849.62
0.60
0.60
5.6
4.25
1.88
8.12
0.78
9.90
8.92
8.24
3.46
0.55
5.38
2.60
5.65
3.6
7.90
5.33
1.53
3.89
4.34
8.36
1.46
1.45
0.89
6.46
7.83
1.10
2.44
6.94
1.36
2.42
2.75
6.76
4.35
9.59
0.73
0.20
3.22
7.53
4.11
2.49
8.8
6.38
7.20
9.74
7.82
4.12
6.58
1.0
0.36
9.53
1.93
1.94
4.43
3.72
4.87
1.81
8.23
2880.38
6.60
7.95
5.52
0.5
1.94
6.95
4.63
4.31
3.21
1.51
7.74
9.53
6.69
0.1
9.23
0.25
9.61
3.80
5.29
5.39
9.46
9.81
2.43
6.69
5.46
5.83
0.15
6.6
4.54
3.42
9.37
0.64
4.68
2.29
9.65
5.9
5.30
0.9
5.5
4.89
6.2
8.49
4.40
8.72
7.70
8.78
5.99
3.11
7.33
8.8
4.75
9484.70
4.15
4.24
2.43
7.13
6.99
1.78
3.54
9.1
3.87
8.3
4.75
3.40
9.50
2.42
6.46
4.59
1.57
7.83
8.14
0.35
3.60
7.91
5.46
1.21
6.72
0.68
5.31
7.87
9.15
5.95
8.42
8.38
4.49
1.38
9.19
0.66
2.31
6.99
9.51
4.94
1.35
0.92
2.59
8.21
2.48
8.86
1.4
4.73
8.62
2.82
2.79
5.58
5.71
3.40
0.13
0.80
8.86
4.78
6.18
7.60
4.87
6.2
9101.33
2.50
6.14
7.70
5.5
5.56
0.48
1.10
6.70
3.38
5.62
1.39
4.73
5.5
3.12
2.80
2.35
3.73
0.17
