10
2000.36
0.60
2.40
6.81
5.97
1.4
3.20
3.27
3.75
7.43
6.98
4.94
7.8
0.30
0.30
2.43
8.14
4.38
6.61
6.54
1.30
7.68
2.53
3.44
2.95
0.37
0.4
1.77
8.84
5.49
0.33
7.78
4.97
9.34
9.80
7.26
4.61
7.18
8.34
9.68
9.88
7.16
6.18
4.92
1.22
3.46
5.91
8.87
8.17
1.48
3.53
3.92
9.99
6685.3
1.38
7.91
9.60
3.62
2.27
8.58
9.10
5.73
9.44
1.82
2.22
9.44
4.9
8.61
9.15
8.70
4.8
6.38
5.72
3.85
8.2
3.35
1.62
2.38
6.60
4.80
1.58
5.10
1.49
1.53
7.86
9.66
2.56
9.34
3.5
7.60
5.48
9.0
7.6
9.9
7.67
0.10
7.96
2.10
4.48
4.84
5.16
6.60
1.76
9.22
1.29
8.4
1.44
1.66
5.63
0.29
3.79
9.58
0.15
8.48
3.13
2.21
7.76
4.34
8.76
1.32
2.14
5.82
7.55
3.84
2.85
6.62
4.61
8.87
2.86
5.22
1.96
3.31
1.68
2.24
6.69
0.60
8.10
9.48
4.90
8055.56
8.48
6.7
1.85
1.41
1.81
9.21
8.62
1.93
0.74
4.90
9.38
8.71
7.36
0.21
7.64
9.0
3.58
1.97
5.26
1.45
8.3
6.97
8.39
6.30
1.51
6.59
8.90
2.69
6.32
0.54
3.76
4.24
3.32
2.8
0.33
4.17
2.9
3.67
4.40
5.94
4.16
9.85
2.64
5.97
6.70
1.81
5.43
9.28
3.55
1.48
8.46
3.67
7.61
5.90
6.86
3.60
6.55
6.82
9.36
4.18
4.78
3.96
6.16
9.68
9.1
1.41
2.48
5.15
2.1
2.89
0.85
4.9
2.1
4.17
6.33
9.6
1.77
3.28
2.73
4.39
7.48
9.44
3.29
7.23
9.82
8.26
4.89
0.1
3.11
0.15
3.30
625.93
5.30
9.7
7.46
2.10
5.14
5.45
2.29
7.22
9.7
3.18
5.78
4.71
2.7
8.25
5.74
2.52
1.34
2.86
4.56
5.63
2.2
1.32
2409.36
1.6
8.19
8.15
3.31
6.18
7.61
6.94
4.89
2.74
5.60
3.28
7.67
0.47
3.13
5.70
8.64
2.16
0.49
0.35
3.75
6.51
8.44
3.21
8.89
3.84
2.34
3.47
9.83
7.90
6.33
0.81
4.66
5.84
6.57
6669.24
6.3
7.10
4.73
9.42
6.38
5.61
2.2
2.92
5.21
4.37
6.10
5.77
0.36
4.2
2.25
4.82
2.38
9.23
5.62
9.77
6.51
3.50
1.99
1.65
7.90
3.94
3.44
7.6
3.33
5.33
5.57
6.85
2.46
0.24
5.2
4.36
4.30
0.70
2.0
1.62
0.86
2.3
0.35
8.85
4.5
5.49
3.77
8.8
4.95
5.75
3.76
2.57
3.83
3.60
6.77
257.48
4.42
4.84
2.19
1.90
3.19
6.95
2.93
7.44
4.75
1.87
1.21
3.92
7.40
8.75
5.95
3.97
6.18
5.61
5.36
3.65
5.87
2.81
7.90
2.31
4.73
2.38
3.30
7.39
5.23
5.13
4.32
6.3
9.56
5.99
1.90
9.47
3.66
4.95
9.92
2.48
3.50
5.64
4.47
0.7
0.91
5.19
5.87
0.16
0.68
5.2
0.46
5.20
3.27
4.74
1.92
5.75
9.79
2.75
2.30
0.40
2.43
7.11
0.84
9.57
1.45
8.12
9.16
4.15
4.58
0.55
5.43
2.80
7.73
5.81
6.93
0.81
7.87
7.81
1.61
5.12
2.6
6.15
1.75
2833.40
4.98
0.40
2.53
4.74
3.66
2.14
2.20
3.49
7.40
9.68
0.38
2.9
1.31
4.37
7.32
4.35
6.54
0.32
3.23
3.59
1.55
6.5
1.5
3.45
561.17
2.50
9.80
1.37
8.62
1.24
9.32
0.87
4.57
1.68
7.84
1.31
2.42
9.74
2.26
8.59
7.52
4.73
1.38
7.12
5645.41
9.73
6.10
1.43
2.63
4.9
4.32
2.72
5.26
3.73
3.2
6.76
8.38
