10
2596.20
0.95
6.78
7.32
5.0
3.99
2.62
2.90
5.78
9.10
6625.51
6.86
9.68
4.37
1.63
3.77
4.95
4.21
7.34
8.71
4.58
2.28
1.66
0.54
9.56
9.86
8.46
1.91
2.55
0.20
7.96
0.10
7.52
9.39
6.18
7.73
6.18
3.12
7.94
7.20
0.72
7.50
8.46
4.50
4.61
6.43
8.25
8.96
5.16
1.28
5.52
0.81
1.54
0.38
4.19
2.16
0.76
1.52
6.75
4.78
1.70
8.37
4.55
4.95
3.96
0.7
3.80
0.9
8.15
6.69
6.16
8.94
7.32
4.42
3.77
2.32
0.60
6.25
0.54
9.90
8.83
2.20
7.93
0.41
7.43
2.95
0.6
0.98
3.10
4.25
7.18
9.51
2.11
4.41
8.13
1.49
0.37
9.72
2.23
3.4
6463.82
7.64
2.70
4.76
7.4
7.89
2.61
2.36
3.5
8.72
3.55
2.99
0.84
4.41
8.79
5.96
9.98
3.26
0.63
8.71
1.9
6.79
1.89
3.84
9.83
1.9
9.69
2.58
0.87
1.72
2.98
6.21
6.94
7.0
7.3
9.87
0.19
6.20
4.48
5.67
8.31
3.63
4.70
8.12
8.49
4.55
3.24
1.40
4.65
9.37
1.44
1.49
4.91
3.27
3.8
5.61
18.66
0.79
4.92
2.43
2.14
8.92
9.96
3.65
0.97
2.31
6.68
9.73
9.17
6.71
2.6
3.59
9.47
4.29
0.5
0.48
2.30
4.86
6.41
4.62
6.73
5.45
5.38
1.29
3.24
0.17
1.5
1.92
3.15
8.44
1.31
9.20
3.20
0.43
6.61
8.10
1.53
1.9
1.14
4.12
3.9
9.89
3.80
8.86
5.91
7.37
4.35
6.18
9.85
3.3
6.36
7.32
1.36
2.41
9.20
5.33
1.60
1.24
7.18
0.58
5.38
7.11
4855.66
6.10
3.40
3.53
7.56
5.26
3.66
6.62
0.52
1.16
8.79
8.71
7.60
1.24
8.85
2.6
2.10
3.15
5.79
7.67
1.40
0.89
2.61
4.9
4.91
4.63
2.18
5.85
9.36
8.55
9.44
7.54
7.19
8.39
5.17
0.11
6.20
0.22
1.22
4.99
5.91
9.28
4.59
4.14
7.2
9.10
2882.33
6.11
2.54
1.55
4.9
6.9
4.74
2.4
2.52
0.95
9.59
7.84
2.58
0.13
8.29
1.83
6.61
4.36
8.67
5.81
3.58
9.33
3.37
4.39
6.50
3.64
5.33
8.54
7.75
1.65
1.99
2.71
6.56
3.28
4.20
6.65
2.84
0.17
2.91
9.42
6.3
0.94
1.88
2.60
5.46
9.0
0.97
4.86
0.84
6.60
7.79
6.96
7.97
3.0
3.78
1.97
6.81
4.1
0.2
9.73
1.8
6.36
3.16
0.35
1.69
3.62
7.2
1.74
5.60
5873.82
7.5
5.47
5.22
2.24
8.22
4.84
8.60
7.89
3.99
9.86
4.12
2.74
3.59
7.5
3.78
2.15
3.49
8.28
6.7
4.63
4.66
6.3
4.45
1.88
4.3
5.1
1.42
6.96
8.8
2.16
4.52
6.35
9.96
0.86
7.66
1.46
3.73
2.69
0.64
1.81
7.8
1.12
7.52
9.56
9.16
2.26
6.16
9.51
5.6
2.2
0.36
8.92
1.95
7.3
9.2
5.78
5.78
6.82
1.49
8.92
1.99
4.93
2.51
7.3
7.72
4.44
9.7
4.21
4.51
4.1
9.96
9316.64
1.60
2.57
4.97
4.23
1.58
3350.26
6.52
8.45
6.91
0.11
3.70
6.91
7.21
7.43
4.89
0.26
0.96
7.90
0.43
9.5
3.38
2.65
0.94
8.31
4.23
8.25
1.83
1.44
6.46
9.0
2.9
4.5
2.94
3.15
8.90
5.83
3.66
4.57
3.25
9.71
0.32
7.3
7.4
3.49
4.57
3.40
8.42
2.71
0.23
5.51
5.96
9.38
8.68
1.89
1.78
7.13
6.33
9.5
3.59
4.1
9.87
5.39
7.29
9.85
5.65
8.18
7.7
4.77
9.52
5.94
9.13
9.64
8.3
7.58
4.91
6.54
3.95
3.75
4.39
1.99
6.48
8.65
5.36
3.49
6.75
3.23
0.93
8.52
6.53
8.38
9.73
2.37
7.25
5.22
5498.36
9.46
2.9
3.22
6.10
3.56
5.74
8.29
0.55
4.21
1.85
1.20
7.27
1.63
9.81
8.99
1.38
1.96
6.82
9.46
8.89
6.70
3.83
4.89
2.97
9.93
9.87
9.17
6.66
0.78
9.16
3.15
7.38
3.0
5.53
0.50
1.77
6.26
4.65
5.72
7.91
7.9
8.94
7.4
0.8
1.47
1.32
0.40
3.83
1.18
5.38
4.34
7.68
6.39
