23 25
0000000000000000000000000
0000000000000000000000000
0000000000000000000000100
0001010000000000000001110
0000100000000000000001110
0000000000000000000001110
0000000000000000000000100
0000000000000000000000000
0000000000000000000000000
0000000000000000000000000
0000000000000000000000000
0001100000000000100000000
0011110000000001110000000
0111111000000011111000000
0011111000000111111100000
0011110000000011111000000
0001100000000011111000000
0001100000000011111000000
0001100000000011111000000
0001100000000011111000000
0001100000000011111000000
0001100000000011111000000
0001100000000011111000000
